Genotype    Mutation_type    Fitness_from_YPD_replicate_1    Fitness_from_YPD_replicate_2    Fitness_from_YPD_replicate_3    Fitness_from_YPD_replicate_4    YPD_fitness
117-G-A    Nonsynonymous_mutation    0.994159719    0.990530698    0.992887161    0.980216154    0.989448433
117-G-C    Nonsynonymous_mutation    0.989040822    0.987501906    0.995012626    0.999354897    0.992727563
117-G-T    Nonsynonymous_mutation    0.990604032    0.993909094    0.995779457    0.991320723    0.992903327
118-G-A    Nonsynonymous_mutation    0.988683257    0.991313944    0.993675719    0.98982705    0.990874993
118-G-C    Nonsynonymous_mutation    0.993210701    0.990250989    0.996005975    0.997398575    0.99421656
118-G-T    Nonsynonymous_mutation    0.992612117    0.989611195    0.999711667    0.996270746    0.994551431
119-C-A    Nonsynonymous_mutation    0.996173022    0.99162392    0.993398984    0.992038207    0.993308533
119-C-G    Nonsynonymous_mutation    0.993644445    0.989560761    0.992929332    0.992740308    0.992218712
119-C-T    Nonsynonymous_mutation    0.994047244    0.994001322    0.997187754    0.991430811    0.994166783
120-T-A    Synonymous_mutation    0.988598694    0.98254825    0.990230432    0.991779461    0.988289209
120-T-C    Synonymous_mutation    0.998809471    0.989693004    0.995271956    0.997996457    0.995442722
120-T-G    Synonymous_mutation    0.996613962    0.989346387    0.994235045    0.992604095    0.993199872
121-A-C    Nonsynonymous_mutation    0.998881381    0.989944302    0.993552483    0.993977562    0.994088932
121-A-G    Nonsynonymous_mutation    0.994202596    0.991179151    0.998440385    0.998150956    0.995493272
122-A-C    Nonsynonymous_mutation    1.000153806    0.998598285    1.004113418    1.002479881    1.001336348
122-A-G    Nonsynonymous_mutation    0.991992284    0.993545456    0.990724426    0.992287241    0.992137352
122-A-T    Nonsynonymous_mutation    0.989291797    0.992600487    0.997227655    0.987855997    0.991743984
123-G-A    Synonymous_mutation    0.995946525    0.986345951    0.998985693    0.987582189    0.99221509
123-G-C    Nonsynonymous_mutation    0.991252301    0.991208747    1.001352689    0.995809296    0.994905758
123-G-T    Nonsynonymous_mutation    0.989460371    0.989618262    0.994962177    0.993820317    0.991965282
124-G-A    Nonsynonymous_mutation    0.988033047    0.998860133    0.995314142    0.999244124    0.995362862
124-G-C    Nonsynonymous_mutation    0.995468685    0.998358916    0.998247971    0.99744202    0.997379398
124-G-T    Nonsynonymous_mutation    0.991432258    0.990594688    0.996105774    1.001264928    0.994849412
125-G-A    Nonsynonymous_mutation    0.989569965    0.998974551    0.99459698    0.996812704    0.99498855
125-G-C    Nonsynonymous_mutation    0.983389854    0.995175985    0.99318035    0.992525774    0.991067991
125-G-T    Nonsynonymous_mutation    0.985921443    0.991578418    0.994380779    0.989173432    0.990263518
126-C-A    Synonymous_mutation    0.989482957    0.989974172    0.994675991    0.990637837    0.991192739
126-C-G    Synonymous_mutation    0.999309539    0.991469973    0.991595586    0.993247279    0.993905594
126-C-T    Synonymous_mutation    0.980541547    0.994941675    0.996493482    0.98791508    0.989972946
127-A-C    Nonsynonymous_mutation    0.991879642    0.998143983    1.003345706    0.995892858    0.997315547
127-A-G    Nonsynonymous_mutation    1.001115841    0.999674278    0.998721551    1.000332243    0.999960978
128-A-C    Nonsynonymous_mutation    0.987629616    0.987052855    0.988238377    0.996079609    0.989750114
128-A-G    Nonsynonymous_mutation    0.991303289    0.989811757    0.994450521    0.991691367    0.991814234
128-A-T    Nonsynonymous_mutation    0.986575463    0.99267644    0.993045275    0.994274147    0.991642831
129-G-A    Synonymous_mutation    0.992256304    0.99120548    0.992213453    0.990645196    0.991580108
129-G-C    Nonsynonymous_mutation    0.997111406    0.993314039    0.995080269    0.99427852    0.994946059
129-G-T    Nonsynonymous_mutation    0.995354235    0.984370453    0.98933717    0.990163687    0.989806386
130-T-A    Nonsynonymous_mutation    0.997868823    0.99374764    0.998520519    0.994532632    0.996167404
130-T-C    Nonsynonymous_mutation    1.001050607    0.994128015    1.005852503    0.995273373    0.999076125
130-T-G    Nonsynonymous_mutation    0.989799031    0.988109577    0.989457355    0.992057267    0.989855808
131-T-A    Nonsynonymous_mutation    1.000733115    0.986789581    0.998096039    1.000327802    0.996486634
131-T-C    Nonsynonymous_mutation    0.998320768    0.988180891    0.999326973    1.004327029    0.997538915
131-T-G    Nonsynonymous_mutation    0.994284796    0.992124196    0.995129958    0.996592076    0.994532757
132-C-A    Nonsynonymous_mutation    0.996653185    0.997372305    0.99217605    0.993486377    0.994921979
132-C-G    Nonsynonymous_mutation    0.99346749    0.991455637    0.993941934    0.995179144    0.993511051
132-C-T    Synonymous_mutation    0.987545866    0.991838198    1.00048667    0.977959078    0.989457453
133-A-C    Nonsynonymous_mutation    0.999977027    1.001703239    0.994018417    0.994449916    0.99753715
133-A-G    Nonsynonymous_mutation    0.994199066    0.995182144    1.000229605    0.996739855    0.996587668
133-A-T    Nonsynonymous_mutation    0.995369632    0.994539506    0.990901736    0.999589058    0.995099983
134-C-A    Nonsynonymous_mutation    0.99115214    0.992737263    0.989971703    0.992955233    0.991704085
134-C-G    Nonsynonymous_mutation    0.990683175    0.990440159    0.98798079    0.992817102    0.990480307
134-C-T    Nonsynonymous_mutation    0.991369195    0.991122142    0.99386504    0.990264234    0.991655153
135-A-C    Synonymous_mutation    0.984549075    0.99346372    0.994045328    0.992691264    0.991187347
135-A-G    Synonymous_mutation    1.000044799    0.989783543    1.000368097    0.990153635    0.995087519
135-A-T    Synonymous_mutation    0.993084746    0.992289897    0.9938172    0.989545769    0.992184403
136-G-A    Nonsynonymous_mutation    0.995485049    0.99902023    0.999877376    0.994883642    0.997316574
136-G-C    Nonsynonymous_mutation    0.994165772    0.991800831    0.994842456    0.99720372    0.994503195
137-A-C    Nonsynonymous_mutation    0.993391388    0.996403693    1.000856209    0.995495577    0.996536717
137-A-G    Nonsynonymous_mutation    0.999043189    0.986358718    0.996467905    1.001876089    0.995936475
137-A-T    Nonsynonymous_mutation    0.991247979    0.995431151    0.994862099    0.988810079    0.992587827
138-A-C    Nonsynonymous_mutation    0.994994892    0.99560887    0.991637795    0.989454989    0.992924137
138-A-G    Synonymous_mutation    0.998499918    0.995111372    1.000319942    1.006505154    1.000109097
138-A-T    Nonsynonymous_mutation    0.999883846    0.998893121    1.003112559    1.00316941    1.001264734
139-T-A    Nonsynonymous_mutation    0.98762947    0.994186036    0.995233859    0.996432593    0.99337049
139-T-C    Nonsynonymous_mutation    0.987680737    0.993499335    0.999417166    0.989297717    0.992473739
139-T-G    Nonsynonymous_mutation    0.994688722    0.988680459    0.999826094    1.000205957    0.995850308
140-G-A    Nonsynonymous_mutation    0.984042128    0.983668955    0.990371006    0.992399238    0.987620332
140-G-C    Nonsynonymous_mutation    0.992618143    0.989916651    0.992829801    0.997132863    0.993124365
140-G-T    Nonsynonymous_mutation    0.97095516    0.99256077    0.980650655    0.994481133    0.98466193
141-T-C    Synonymous_mutation    0.991775854    0.995160702    0.986072981    0.996410252    0.992354947
141-T-G    Nonsynonymous_mutation    0.999304898    0.995372263    0.997373789    0.991410796    0.995865437
142-A-C    Nonsynonymous_mutation    0.994628991    0.987957173    0.992869344    0.998871061    0.993581642
142-A-G    Nonsynonymous_mutation    0.993456386    0.990293336    0.991862178    0.990400156    0.991503014
142-A-T    Nonsynonymous_mutation    0.989323248    0.98977398    0.990880528    0.988685344    0.989665775
143-T-A    Nonsynonymous_mutation    0.989238384    0.990000453    0.998127451    0.990559447    0.991981434
143-T-C    Nonsynonymous_mutation    0.99531544    0.991644294    0.995643334    0.996604974    0.994802011
143-T-G    Nonsynonymous_mutation    0.99405136    0.994900357    0.993780302    0.996822996    0.994888754
144-T-A    Synonymous_mutation    0.996054889    0.995561058    0.998008017    1.008443176    0.999516785
144-T-C    Synonymous_mutation    0.993579708    0.992511264    0.994758222    0.997427718    0.994569228
144-T-G    Nonsynonymous_mutation    0.990588577    0.99604834    0.99489407    0.994099294    0.99390757
145-G-A    Nonsynonymous_mutation    0.991065307    0.996391714    0.993841764    0.987630887    0.992232418
145-G-C    Nonsynonymous_mutation    0.987649204    0.986243746    0.990911266    0.991498407    0.989075656
145-G-T    Nonsynonymous_mutation    0.986477053    0.985729565    1.000323359    0.99670379    0.992308442
146-A-C    Nonsynonymous_mutation    0.990989592    0.994668502    0.99730089    0.993870816    0.99420745
146-A-G    Nonsynonymous_mutation    0.988610053    0.99347474    0.992778346    0.991515658    0.991594699
146-A-T    Nonsynonymous_mutation    0.992904086    0.98688897    0.999283198    0.992401799    0.992869513
147-T-A    Nonsynonymous_mutation    0.993634881    0.99386631    1.00443077    0.998998817    0.997732695
147-T-C    Synonymous_mutation    0.998900234    0.991754121    0.996319412    0.994400154    0.99534348
147-T-G    Nonsynonymous_mutation    0.993483478    0.986762499    0.99754874    0.996252402    0.99351178
148-G-A    Nonsynonymous_mutation    0.986559248    0.993105972    0.994679915    0.995484814    0.992457487
148-G-C    Nonsynonymous_mutation    0.989940092    0.986799488    0.995259196    0.996403273    0.992100512
148-G-T    Nonsynonymous_mutation    0.990175692    0.989663449    0.984107639    0.98631883    0.987566403
149-A-C    Nonsynonymous_mutation    0.994691884    0.992528752    0.995119559    0.996337606    0.99466945
149-A-G    Nonsynonymous_mutation    0.997016304    1.001811573    0.999953763    0.997758911    0.999135138
149-A-T    Nonsynonymous_mutation    0.999197885    1.002940509    0.99839457    0.991435768    0.997992183
150-T-A    Nonsynonymous_mutation    0.99081116    0.986524477    0.998187218    0.987709805    0.990808165
150-T-C    Synonymous_mutation    0.99871594    0.995343627    1.003908113    0.994007973    0.997993913
150-T-G    Nonsynonymous_mutation    0.995416957    0.991403771    0.997151916    0.99087304    0.993711421
151-A-C    Nonsynonymous_mutation    0.9964577    0.993005047    0.997039466    0.998751204    0.996313354
151-A-G    Nonsynonymous_mutation    0.992416568    0.990199097    0.995292622    0.999683498    0.994397946
151-A-T    Nonsynonymous_mutation    0.995639788    0.995387062    0.999271163    0.997433869    0.996932971
152-T-A    Nonsynonymous_mutation    0.998521884    0.988281526    0.990825312    0.988014009    0.991410683
152-T-C    Nonsynonymous_mutation    0.998209378    0.995432797    0.998141185    0.994066069    0.996462357
152-T-G    Nonsynonymous_mutation    1.0001411    0.999154234    0.997931181    0.997807786    0.998758575
153-T-A    Synonymous_mutation    0.992355704    0.996065133    1.000393343    0.994449151    0.995815833
153-T-C    Synonymous_mutation    0.988181661    0.991429406    0.99216045    0.996660533    0.992108013
153-T-G    Nonsynonymous_mutation    0.991001319    0.996808744    0.998978455    0.99175299    0.994635377
154-A-C    Nonsynonymous_mutation    0.996179854    0.997069989    0.99994627    0.993569093    0.996691302
154-A-G    Nonsynonymous_mutation    0.992489594    0.992694397    0.998888532    0.998479629    0.995638038
155-A-C    Nonsynonymous_mutation    0.991003451    0.996245008    0.988171847    0.997744551    0.993291214
155-A-G    Nonsynonymous_mutation    0.991258034    0.993385076    0.992848945    1.000300457    0.994448128
155-A-T    Nonsynonymous_mutation    0.989263678    0.993346188    0.993624199    0.994213267    0.992611833
156-A-C    Nonsynonymous_mutation    1.001059312    0.996625639    0.989751579    1.001688441    0.997281243
156-A-G    Synonymous_mutation    0.999577406    0.997587722    0.998501105    0.992122776    0.996947252
156-A-T    Nonsynonymous_mutation    0.994643101    0.993967556    0.996046028    0.994920127    0.994894203
157-A-C    Nonsynonymous_mutation    0.993517211    0.994934322    0.994544088    0.995742211    0.994684458
157-A-G    Nonsynonymous_mutation    0.989076202    0.995616632    0.9987312    0.996290381    0.994928604
157-A-T    Nonsynonymous_mutation    0.996266611    0.994095834    0.995073261    1.003541445    0.997244288
158-C-A    Nonsynonymous_mutation    0.988110493    0.989579306    0.9920219    0.99409673    0.990952107
158-C-G    Nonsynonymous_mutation    0.99527294    0.998239532    0.995470838    1.000049276    0.997258147
158-C-T    Nonsynonymous_mutation    0.988642591    0.985588242    0.998106622    0.998116729    0.992613546
159-A-C    Synonymous_mutation    0.99589812    0.999887132    1.000186409    1.001310165    0.999320457
159-A-G    Synonymous_mutation    0.997400022    0.989082533    0.994819891    0.999316746    0.995154798
159-A-T    Synonymous_mutation    1.003839105    0.999911995    0.999272184    0.99716241    1.000046424
160-G-A    Nonsynonymous_mutation    0.988401144    0.994967777    1.006102019    0.990833212    0.995076038
160-G-C    Nonsynonymous_mutation    0.999897266    0.999650816    0.999577615    0.995313985    0.998609921
160-G-T    Nonsynonymous_mutation    0.996307672    0.98996251    0.991164299    0.983058757    0.99012331
161-T-A    Nonsynonymous_mutation    0.998583685    0.989220405    0.99765827    0.995837443    0.995324951
161-T-C    Nonsynonymous_mutation    0.996983596    0.998548004    1.003103707    1.003314602    1.000487477
161-T-G    Nonsynonymous_mutation    0.990889129    0.989587166    0.994355212    0.993735841    0.992141837
162-C-A    Synonymous_mutation    0.994417422    0.995940266    0.997274585    0.995257029    0.995722326
162-C-G    Synonymous_mutation    0.992671865    0.980526599    0.990776581    0.987853424    0.987957117
162-C-T    Synonymous_mutation    0.994163335    0.994810079    0.996560571    0.989588321    0.993780577
163-T-A    Nonsynonymous_mutation    0.986132221    0.996338408    0.998905212    1.000416868    0.995448177
163-T-C    Nonsynonymous_mutation    0.994272365    0.991445288    0.996861614    0.993628984    0.994052063
163-T-G    Nonsynonymous_mutation    0.997365289    0.994488501    0.999961427    1.00013423    0.997987362
164-C-A    Nonsynonymous_mutation    0.993879827    0.992991613    0.992842705    0.993537022    0.993312792
164-C-G    Nonsynonymous_mutation    0.991325433    1.001754492    1.00091037    0.99795759    0.997986971
164-C-T    Nonsynonymous_mutation    0.989704708    0.984491968    0.994643221    0.998384938    0.991806209
165-C-A    Synonymous_mutation    0.996224888    0.993469852    0.999823322    0.998993674    0.997127934
165-C-G    Synonymous_mutation    0.991715838    0.992597642    0.99539707    0.996492112    0.994050666
165-C-T    Synonymous_mutation    0.982800872    0.990974705    0.997530637    0.995604424    0.99172766
166-C-A    Nonsynonymous_mutation    0.992224868    0.997318404    0.991959143    0.992829801    0.993583054
166-C-G    Nonsynonymous_mutation    0.992878527    0.993904756    0.996500253    1.001536157    0.996204923
167-A-C    Nonsynonymous_mutation    0.992519094    0.992290924    0.996246043    0.998420999    0.994869265
167-A-G    Nonsynonymous_mutation    0.993989811    0.989347737    0.993796724    0.991373546    0.992126955
167-A-T    Nonsynonymous_mutation    0.993189872    0.995493385    0.994321983    1.003214826    0.996555017
168-A-C    Nonsynonymous_mutation    0.997016416    0.994243761    0.992497216    0.994041048    0.99444961
168-A-G    Synonymous_mutation    0.994060243    0.993592137    0.995590495    0.995043194    0.994571517
168-A-T    Nonsynonymous_mutation    0.985830031    0.993549714    0.988701464    0.995039984    0.990780298
169-G-A    Nonsynonymous_mutation    0.991709308    0.994643262    0.993991648    0.994999376    0.993835899
169-G-C    Nonsynonymous_mutation    0.99645252    0.996724927    1.001648949    0.995225304    0.997512925
169-G-T    Nonsynonymous_mutation    0.994195657    0.995904812    0.990097682    1.000139726    0.995084469
170-C-A    Nonsynonymous_mutation    0.987199317    0.988578199    0.997840882    0.99475958    0.992094495
170-C-G    Nonsynonymous_mutation    0.992171109    0.998433576    0.993383581    0.99489606    0.994721082
170-C-T    Nonsynonymous_mutation    0.992378866    0.996056545    0.995822248    1.003412534    0.996917548
171-A-C    Synonymous_mutation    0.995384472    0.99988516    0.993950885    0.997392269    0.996653197
171-A-G    Synonymous_mutation    0.989453272    0.993046827    0.98870061    0.993594077    0.991198697
171-A-T    Synonymous_mutation    0.986714542    0.994144521    0.988600833    0.993160674    0.990655143
172-G-A    Nonsynonymous_mutation    0.984030927    0.986658082    0.976869748    0.992705616    0.985066093
172-G-C    Nonsynonymous_mutation    0.996860107    0.990090437    0.99425527    0.995551253    0.994189267
173-G-A    Nonsynonymous_mutation    1.000911379    0.985946053    0.995827133    0.999252259    0.995484206
173-G-C    Nonsynonymous_mutation    1.00006649    0.99504894    0.993114007    0.986278338    0.993626944
173-G-T    Nonsynonymous_mutation    0.995830234    0.99347884    0.992437259    0.995177525    0.994230965
174-A-C    Synonymous_mutation    0.991995653    0.994030163    0.995588973    0.997280912    0.994723925
174-A-G    Synonymous_mutation    0.991795533    0.993199098    0.993414298    0.993210868    0.992904949
174-A-T    Synonymous_mutation    0.990271534    0.995254863    0.997891657    0.997213117    0.995157793
175-A-C    Nonsynonymous_mutation    0.990115766    0.991895843    0.991007359    0.995911929    0.992232724
175-A-G    Nonsynonymous_mutation    0.995669237    0.993747763    1.0019591    1.003415042    0.998697786
175-A-T    Nonsynonymous_mutation    0.997599416    0.988015942    0.997915976    0.994949941    0.994620319
176-A-C    Nonsynonymous_mutation    0.995915912    0.992608764    0.994724969    0.996665645    0.994978823
176-A-G    Nonsynonymous_mutation    0.993058186    0.996509344    1.002809095    0.998935955    0.997828145
176-A-T    Nonsynonymous_mutation    0.995868782    0.996903499    0.999039222    0.992168186    0.995994922
177-T-A    Nonsynonymous_mutation    0.987718579    0.989732986    0.990795706    0.992088809    0.99008402
177-T-C    Synonymous_mutation    0.992150863    0.996467563    0.995970742    0.997975478    0.995641162
177-T-G    Nonsynonymous_mutation    0.995926042    0.994229207    0.994987033    0.999110529    0.996063203
178-G-A    Nonsynonymous_mutation    0.994978975    1.001375923    0.996356211    1.002712055    0.998855791
178-G-C    Nonsynonymous_mutation    0.995645126    0.997567535    0.997584217    0.998276102    0.997268245
179-A-C    Nonsynonymous_mutation    0.993288649    1.002040943    0.99036549    0.996716761    0.995602961
179-A-G    Nonsynonymous_mutation    0.99227876    0.989560529    0.993833277    0.996112966    0.992946383
179-A-T    Nonsynonymous_mutation    0.989223114    0.996767993    0.993389685    0.994454752    0.993458886
180-A-C    Nonsynonymous_mutation    0.996281349    0.991919653    0.986169112    1.001328111    0.993924556
180-A-G    Synonymous_mutation    1.005148077    1.002350314    1.000528145    1.000482587    1.002127281
180-A-T    Nonsynonymous_mutation    0.9897392    0.984400189    0.987721162    0.98920896    0.987767378
181-G-A    Nonsynonymous_mutation    0.988466624    0.992962336    0.998765949    0.990204549    0.992599865
181-G-C    Nonsynonymous_mutation    0.996914668    0.995428799    0.990779442    0.992942706    0.994016404
181-G-T    Nonsynonymous_mutation    0.987512399    0.984730508    0.997947657    0.987281821    0.989368096
182-G-A    Nonsynonymous_mutation    0.990280828    0.994426012    0.990385155    0.984370936    0.989865733
182-G-C    Nonsynonymous_mutation    0.99167102    0.993642425    0.998468688    0.994818295    0.994650107
182-G-T    Nonsynonymous_mutation    0.984561285    0.994568797    0.996820395    0.991717187    0.991916916
183-G-A    Synonymous_mutation    0.99483269    0.995024841    0.99751319    0.992341338    0.994928015
183-G-C    Synonymous_mutation    0.995273255    1.002681995    1.002260437    0.999624202    0.999959972
183-G-T    Synonymous_mutation    0.98975848    0.987199911    0.998361226    0.994815862    0.99253387
184-C-A    Nonsynonymous_mutation    0.989331909    0.995138457    0.99308014    0.993558806    0.992777328
184-C-G    Nonsynonymous_mutation    0.99015459    0.991843967    0.986841984    0.993148469    0.990497253
185-A-C    Nonsynonymous_mutation    1.00570578    1.004567614    1.007412419    1.004187422    1.005468309
185-A-G    Nonsynonymous_mutation    0.985112377    0.986289049    0.985694119    0.98920896    0.986576126
185-A-T    Nonsynonymous_mutation    0.995424761    0.994232937    0.99751367    0.996849826    0.996005299
186-A-C    Nonsynonymous_mutation    0.988425707    0.994985763    0.99581426    1.000169254    0.994848746
186-A-G    Synonymous_mutation    0.993039741    1.000065457    1.001966608    1.003372075    0.99961097
186-A-T    Nonsynonymous_mutation    0.997595285    0.996594998    0.997271272    1.001711129    0.998293171
187-A-C    Nonsynonymous_mutation    0.993016168    0.995097684    0.994183803    0.991506245    0.993450975
187-A-G    Nonsynonymous_mutation    0.999775711    0.995421545    0.996212082    1.000282329    0.997922917
187-A-T    Nonsense_mutation    0.951284714    0.94281974    0.94185389    0.978337714    0.953574015
188-A-C    Nonsynonymous_mutation    0.996965503    0.996986973    1.000909026    0.993710957    0.997143115
188-A-G    Nonsynonymous_mutation    0.997180253    0.994761418    0.998201618    0.992744706    0.995721999
188-A-T    Nonsynonymous_mutation    0.998735809    1.000411756    0.996424665    0.99873413    0.99857659
189-A-C    Nonsynonymous_mutation    0.993966208    0.991985546    0.998014106    0.997714012    0.995419968
189-A-G    Synonymous_mutation    0.991013931    0.992324099    0.9910296    0.994091845    0.992114869
189-A-T    Nonsynonymous_mutation    0.999679462    0.996894885    1.00032951    0.996009408    0.998228316
190-C-A    Nonsynonymous_mutation    0.990361691    0.981402353    0.997511748    0.996587902    0.991465924
190-C-G    Nonsynonymous_mutation    0.999106004    0.994232815    0.999110529    1.00262853    0.99876947
190-C-T    Synonymous_mutation    0.993828561    0.991953307    1.00044174    0.987456417    0.993420006
191-T-A    Nonsynonymous_mutation    0.992815541    0.994839068    1.000704727    0.989297111    0.994414112
191-T-C    Nonsynonymous_mutation    0.995823605    0.998374726    0.999749051    1.000150029    0.998524353
191-T-G    Nonsynonymous_mutation    0.991157269    0.979938345    0.9929641    0.99987042    0.990982534
192-A-C    Synonymous_mutation    0.999342149    0.998878107    0.99622163    1.000270354    0.99867806
192-A-G    Synonymous_mutation    0.987809748    0.991946734    0.991135817    0.987564473    0.989614193
192-A-T    Synonymous_mutation    0.991638885    0.994280585    0.996184153    0.990275388    0.993094753
193-C-A    Nonsynonymous_mutation    1.000710474    0.989289466    0.994342239    0.995986414    0.995082148
193-C-G    Nonsynonymous_mutation    0.993612814    0.990737405    0.993158333    0.993924107    0.992858165
193-C-T    Synonymous_mutation    0.990272033    0.990243775    1.002086836    0.996822732    0.994856344
194-T-A    Nonsynonymous_mutation    0.993757421    0.994949822    0.989279536    0.997268368    0.993813787
194-T-G    Nonsynonymous_mutation    0.992985944    0.998110731    0.99405951    0.993418861    0.994643762
195-G-A    Synonymous_mutation    0.989168006    0.996220249    0.99501576    0.992652455    0.993264118
195-G-C    Synonymous_mutation    0.999563167    0.993427033    1.00006408    0.997679694    0.997683494
195-G-T    Synonymous_mutation    0.995471426    0.994441413    0.995523582    0.994637209    0.995018408
196-G-A    Nonsynonymous_mutation    0.990356309    0.989833936    0.994562973    0.997266172    0.993004848
196-G-C    Nonsynonymous_mutation    0.992055844    0.998825404    0.996275952    0.999160059    0.996579315
196-G-T    Nonsynonymous_mutation    0.994851462    0.992836802    0.993139564    0.992616573    0.9933611
197-T-A    Nonsynonymous_mutation    1.000415164    1.000773631    1.001616005    1.000634334    1.000859784
197-T-C    Nonsynonymous_mutation    0.99519138    0.997153672    0.998465088    0.995184354    0.996498624
197-T-G    Nonsynonymous_mutation    0.995440832    1.003132783    0.997613724    0.994022985    0.997552581
198-T-A    Synonymous_mutation    1.000809382    0.993048881    0.995031422    0.992122776    0.995253115
198-T-C    Synonymous_mutation    0.99687257    0.996795279    1.00023954    0.999605065    0.998378114
198-T-G    Synonymous_mutation    0.994492486    0.993541818    0.995370496    1.000092638    0.99587436
199-C-A    Nonsynonymous_mutation    0.994221055    0.998268393    0.999835241    0.996920458    0.997311287
199-C-G    Nonsynonymous_mutation    0.994554697    0.991675465    0.994161466    0.99751367    0.994476325
199-C-T    Nonsynonymous_mutation    0.985881723    0.995144345    0.995146242    0.993978951    0.992537815
200-C-A    Nonsynonymous_mutation    0.992069163    0.989503165    0.991648655    0.996180353    0.992350334
200-C-G    Nonsynonymous_mutation    0.983826572    0.989057531    0.997722026    0.996352583    0.991739678
200-C-T    Nonsynonymous_mutation    0.987089044    0.991428792    0.993821056    0.99196325    0.991075536
201-A-C    Synonymous_mutation    0.993582929    0.992017972    1.00104324    0.995168325    0.995453117
201-A-G    Synonymous_mutation    0.98968609    0.993796108    1.002539029    0.990189373    0.99405265
201-A-T    Synonymous_mutation    0.988690513    0.99211008    0.989591326    0.994688802    0.99127018
202-G-A    Nonsynonymous_mutation    0.992049463    0.993952765    0.995723165    1.000386522    0.995527979
202-G-C    Nonsynonymous_mutation    0.990183556    0.993779768    0.988336836    0.993995608    0.991573942
202-G-T    Nonsynonymous_mutation    0.996622341    0.997332082    0.993113923    0.991706086    0.994693608
203-C-A    Nonsynonymous_mutation    0.997927563    0.988956029    0.987454552    1.002926532    0.994316169
203-C-G    Nonsynonymous_mutation    0.998280444    0.998922417    1.011377338    1.001327447    1.002476912
203-C-T    Nonsynonymous_mutation    0.992380959    1.004003513    0.999099993    0.996825597    0.998077516
204-A-C    Synonymous_mutation    0.985843347    0.984777006    0.991863348    0.992094623    0.988644581
204-A-G    Synonymous_mutation    0.998219021    1.001709485    1.002301847    1.003563302    1.001448414
204-A-T    Synonymous_mutation    0.995017306    0.993940994    0.996140182    0.990774704    0.993968297
205-T-A    Nonsynonymous_mutation    0.999928653    0.997181112    0.995555316    0.992598322    0.996315851
205-T-C    Nonsynonymous_mutation    0.99579952    1.003617885    0.995506335    1.001348705    0.999068111
205-T-G    Nonsynonymous_mutation    0.989386809    0.990353052    0.995918387    0.995711966    0.992842554
206-C-A    Nonsynonymous_mutation    1.001980313    1.001026826    1.001151251    0.997016116    1.000293627
206-C-G    Nonsynonymous_mutation    1.002202123    0.993619456    0.991536751    0.993366842    0.995181293
206-C-T    Nonsynonymous_mutation    0.992249187    0.994100637    0.999088604    0.994296778    0.994933802
207-T-A    Synonymous_mutation    0.991632429    0.992507135    0.996424055    0.997407402    0.994492755
207-T-C    Synonymous_mutation    0.998363068    0.996355944    0.998228372    0.9980117    0.997739771
207-T-G    Synonymous_mutation    0.990395503    0.993459825    0.997466685    0.99738637    0.994677096
208-G-A    Nonsynonymous_mutation    0.996240219    0.995817168    0.99560848    0.994809081    0.995618737
208-G-C    Nonsynonymous_mutation    0.996926209    0.991464976    0.997241703    0.996007209    0.995410024
208-G-T    Nonsynonymous_mutation    0.989785565    0.988440561    0.995268333    0.993830242    0.991831175
209-C-A    Nonsynonymous_mutation    0.992905181    0.990751944    0.996688847    0.996889656    0.994308907
209-C-G    Nonsynonymous_mutation    0.995798007    0.994390912    1.000425729    1.004276882    0.998722883
209-C-T    Nonsynonymous_mutation    0.988922695    0.993026027    0.993252864    0.998085817    0.993321851
210-A-C    Synonymous_mutation    0.995952938    0.988511782    0.991133737    0.99389084    0.992372324
210-A-G    Synonymous_mutation    0.992550739    0.98620215    0.994242747    0.995594436    0.992147518
210-A-T    Synonymous_mutation    0.990021829    0.989417618    0.990612924    0.989670644    0.989930754
211-T-A    Nonsynonymous_mutation    0.992884971    0.991755251    0.998462172    0.990933522    0.993508979
211-T-C    Nonsynonymous_mutation    0.989292217    0.992972714    0.998318202    1.000874048    0.995364295
211-T-G    Nonsynonymous_mutation    0.997767759    0.99179727    0.985318442    0.989835084    0.991179639
212-C-T    Nonsynonymous_mutation    0.991361282    0.986049328    0.986931607    0.987356304    0.98792463
213-A-C    Synonymous_mutation    0.99466686    0.997650721    0.993573761    0.993579089    0.994867608
213-A-G    Synonymous_mutation    0.991039051    0.99141624    0.996490818    0.990239328    0.992296359
213-A-T    Synonymous_mutation    0.99607653    0.994547303    0.996349336    0.994448627    0.995355449
214-T-A    Nonsynonymous_mutation    0.991416415    0.992125573    0.990951585    0.995256044    0.992437404
214-T-C    Synonymous_mutation    0.995520884    0.99763407    0.99893457    0.994978141    0.996766916
214-T-G    Nonsynonymous_mutation    1.000038255    1.000729061    1.005892309    0.996447949    1.000776894
215-T-C    Nonsynonymous_mutation    0.995648906    0.996404608    0.99991559    0.995286089    0.996813798
216-A-C    Nonsynonymous_mutation    0.9865965    0.993954522    0.992911494    0.999453634    0.993229038
216-A-G    Synonymous_mutation    0.995757674    0.996296809    0.999154834    0.997015292    0.997056152
216-A-T    Nonsynonymous_mutation    1.003755687    0.998450794    1.001872817    0.991807431    0.998971682
217-T-A    Nonsynonymous_mutation    0.98633551    0.989738509    0.990807052    0.991300911    0.989545496
217-T-C    Nonsynonymous_mutation    0.997849417    1.002868339    1.006445    1.001532523    1.00217382
217-T-G    Nonsynonymous_mutation    0.992114556    0.996164267    0.994832331    0.9996528    0.995690989
218-A-C    Nonsynonymous_mutation    0.998088691    0.996028185    0.997893596    0.993263699    0.996318543
218-A-G    Nonsynonymous_mutation    0.995736732    0.995077379    0.998257351    0.989340429    0.994602973
218-A-T    Nonsynonymous_mutation    0.999977027    0.998108367    0.996320635    0.998650894    0.998264231
219-C-T    Synonymous_mutation    0.989271421    0.99327149    1.001931016    0.998821912    0.99582396
220-A-C    Nonsynonymous_mutation    0.996353729    0.995326725    0.992117009    0.992196367    0.993998458
220-A-G    Nonsynonymous_mutation    0.986144199    0.989152707    0.993448345    0.992593991    0.990334811
220-A-T    Nonsynonymous_mutation    0.993477763    0.993114593    0.995226408    0.993968781    0.993946886
221-T-A    Nonsynonymous_mutation    0.99345162    0.992573136    0.991680999    0.992866563    0.99264308
221-T-C    Nonsynonymous_mutation    0.986957713    0.992480607    0.994074378    0.98829059    0.990450822
221-T-G    Nonsynonymous_mutation    0.989389691    0.989742974    0.995115328    0.991886747    0.991533685
222-C-A    Synonymous_mutation    0.994454591    0.991582743    0.99630094    1.002447372    0.996196412
222-C-G    Nonsynonymous_mutation    0.994212294    0.989974766    0.987349409    0.998267524    0.992450998
222-C-T    Synonymous_mutation    1.00341034    0.996962988    0.9901916    0.992750963    0.995828973
223-C-A    Nonsynonymous_mutation    0.991830216    0.991765511    0.999951519    0.996575302    0.995030637
223-C-G    Nonsynonymous_mutation    0.996272047    0.999526076    0.99470557    0.988928159    0.994857963
223-C-T    Nonsynonymous_mutation    0.990264415    0.990025299    0.995615033    0.98993611    0.991460214
224-C-A    Nonsynonymous_mutation    0.991137631    0.992388562    0.992877643    0.999971609    0.994093861
224-C-G    Nonsynonymous_mutation    0.996457776    0.990349116    0.996335848    0.98791508    0.992764455
224-C-T    Nonsynonymous_mutation    0.989962831    0.990544963    0.990062033    0.991129931    0.99042494
225-A-C    Synonymous_mutation    0.995832017    0.995351839    0.996290534    0.997299365    0.996193439
225-A-G    Synonymous_mutation    0.995219586    1.004246577    0.995612108    0.999077105    0.998538844
225-A-T    Synonymous_mutation    0.994928001    0.993126809    0.999911719    0.992821575    0.995197026
226-G-A    Nonsynonymous_mutation    0.991859056    0.988785073    0.993870489    0.989366301    0.99097023
226-G-C    Nonsynonymous_mutation    0.985624415    0.990724963    0.985980375    0.987090334    0.987355022
226-G-T    Nonsynonymous_mutation    0.994947954    0.990527637    0.995145096    0.995568126    0.994047203
227-G-A    Nonsynonymous_mutation    0.995856466    1.001721646    0.998124762    1.003054351    0.999689306
227-G-C    Nonsynonymous_mutation    1.000801628    0.996971585    0.995132251    0.992465439    0.996342726
227-G-T    Nonsynonymous_mutation    1.004406692    0.994827547    1.00173216    1.000214527    1.000295232
228-T-A    Synonymous_mutation    0.990366439    0.999418462    0.991793535    0.997190552    0.994692247
228-T-C    Synonymous_mutation    0.989874217    0.992624847    0.993988015    0.994293257    0.992695084
228-T-G    Synonymous_mutation    0.993087887    0.993391221    0.997818272    0.999062063    0.995839861
229-A-C    Nonsynonymous_mutation    0.995575662    0.987594761    1.00172066    1.000395049    0.996321533
229-A-G    Nonsynonymous_mutation    0.99075181    0.990554185    0.994987033    0.995826822    0.993029963
230-A-C    Nonsynonymous_mutation    0.993227305    0.990230341    0.997414781    0.997779724    0.994663038
230-A-G    Nonsynonymous_mutation    0.995766723    0.991746685    0.999469702    0.992640413    0.994905881
230-A-T    Nonsynonymous_mutation    0.990028586    0.997725408    1.002604813    0.995849997    0.996552201
231-G-A    Synonymous_mutation    0.983563263    0.992575898    0.991828567    0.989471643    0.989359843
231-G-C    Nonsynonymous_mutation    0.995798318    0.992639099    0.999807829    0.995279515    0.99588119
231-G-T    Nonsynonymous_mutation    0.987283943    0.982027055    0.985138136    0.989927275    0.986094102
232-A-C    Nonsynonymous_mutation    0.985254575    0.996893569    0.99750768    0.994971073    0.993656724
232-A-G    Nonsynonymous_mutation    0.996508013    0.997947146    1.002819932    0.995989887    0.998316245
232-A-T    Nonsynonymous_mutation    0.989345782    0.993720049    0.998613022    0.997470498    0.994787338
233-T-A    Nonsynonymous_mutation    0.997538618    0.997633112    1.002226108    1.001601831    0.999749917
233-T-C    Nonsynonymous_mutation    0.995964602    0.990311683    0.995230153    0.992905602    0.99360301
233-T-G    Nonsynonymous_mutation    0.991713226    0.992270276    0.997777779    0.993311626    0.993768227
234-T-A    Synonymous_mutation    0.996279359    0.995815346    0.994335205    0.990947804    0.994344429
234-T-C    Synonymous_mutation    1.008477222    1.006398593    0.998576078    1.002429334    1.003970307
234-T-G    Nonsynonymous_mutation    0.990101873    0.993338081    0.995244067    1.000411756    0.994773944
235-G-A    Nonsynonymous_mutation    0.994195332    0.986243847    0.991220358    0.995639866    0.991824851
235-G-C    Nonsynonymous_mutation    0.991653757    0.995338832    1.000809045    0.998143619    0.996486313
235-G-T    Nonsynonymous_mutation    0.996280622    0.994367129    0.989486341    0.990304164    0.992609564
236-T-A    Nonsynonymous_mutation    0.998533312    0.993114467    0.991404649    1.000971834    0.996006066
236-T-C    Nonsynonymous_mutation    0.986726324    0.990770591    0.990520344    0.99277598    0.99019831
236-T-G    Nonsynonymous_mutation    0.994814427    0.989853119    1.001275578    0.994503754    0.99511172
237-A-C    Synonymous_mutation    0.985472851    0.997047671    0.99628487    0.994295847    0.99327531
237-A-G    Synonymous_mutation    0.991133073    0.989641763    0.998006267    0.994495585    0.993319172
237-A-T    Synonymous_mutation    0.992712557    0.988529553    0.991764163    0.993880645    0.99172173
238-G-A    Nonsynonymous_mutation    0.992178542    0.98981534    0.992718143    0.993970578    0.992170651
238-G-C    Nonsynonymous_mutation    0.990667127    0.997018403    0.990472318    0.995485636    0.993410871
238-G-T    Nonsynonymous_mutation    0.991237216    0.987798711    0.993140693    0.991290163    0.990866696
239-A-C    Nonsynonymous_mutation    0.992016419    0.997501763    0.990339434    0.997024701    0.994220579
239-A-G    Nonsynonymous_mutation    0.990074893    0.990976972    0.997381249    0.99406668    0.993124949
239-A-T    Nonsynonymous_mutation    0.992664153    0.991515483    0.996383204    0.997013342    0.994394046
240-C-A    Nonsynonymous_mutation    0.993251489    0.987155814    0.99856409    0.992194993    0.992791597
240-C-G    Nonsynonymous_mutation    0.98541785    0.9962529    0.995988768    0.997767061    0.993856645
240-C-T    Synonymous_mutation    0.994327887    0.997277674    0.999971333    0.992953594    0.996132622
241-A-C    Nonsynonymous_mutation    0.996618625    1.001346712    0.994499851    0.99532645    0.99694791
241-A-G    Nonsynonymous_mutation    0.992725886    0.992730412    0.994266087    0.994325744    0.993512032
241-A-T    Nonsynonymous_mutation    0.9915413    0.985796231    0.996469504    0.990304073    0.991027777
242-A-C    Nonsynonymous_mutation    0.993311168    0.991147274    0.99828674    0.996849901    0.994898771
242-A-G    Nonsynonymous_mutation    0.999556708    0.99850995    0.991498232    1.004418885    0.998495944
242-A-T    Nonsynonymous_mutation    0.995091748    0.989200408    0.995215682    0.991447393    0.992738808
243-T-A    Nonsynonymous_mutation    0.999553601    0.997227133    1.000394367    0.99553574    0.99817771
243-T-C    Synonymous_mutation    0.997867066    0.990212134    0.99989322    0.992481161    0.995113395
243-T-G    Nonsynonymous_mutation    0.990328888    0.994354444    0.996753114    0.995088305    0.994131188
244-A-C    Nonsynonymous_mutation    0.995390124    0.992866647    0.99211206    1.003536448    0.99597632
244-A-G    Nonsynonymous_mutation    0.992956452    0.9943291    0.989374348    0.99807763    0.993684383
245-A-C    Nonsynonymous_mutation    0.998462316    1.000706079    0.999002895    1.001201967    0.999843314
245-A-G    Nonsynonymous_mutation    0.995228734    0.99520878    0.991144842    0.993867744    0.993862525
245-A-T    Nonsynonymous_mutation    0.988060378    0.988981526    0.983786648    0.987996702    0.987206314
246-G-A    Synonymous_mutation    0.986416165    0.986504254    0.995603136    0.993470307    0.990498466
246-G-C    Nonsynonymous_mutation    0.990400427    0.994769925    0.992249873    0.997427681    0.993711977
246-G-T    Nonsynonymous_mutation    0.989043592    0.988076206    0.994603922    0.992211908    0.990983907
247-A-C    Nonsynonymous_mutation    0.996392248    0.997698605    0.997298212    0.994562852    0.996487979
247-A-G    Nonsynonymous_mutation    0.992968302    0.992134134    0.997074669    0.989007757    0.992796216
248-A-C    Nonsynonymous_mutation    0.992763305    0.991113687    0.995018615    0.992520882    0.992854122
248-A-G    Nonsynonymous_mutation    0.989513775    0.992782612    0.989839949    0.99840438    0.992635179
248-A-T    Nonsynonymous_mutation    0.997429608    0.99769386    0.998853653    0.999750406    0.998431882
249-A-C    Nonsynonymous_mutation    0.997027625    0.998654869    0.995640879    0.995335688    0.996664765
249-A-G    Synonymous_mutation    0.989026501    0.988857915    0.999271304    0.991878386    0.992258527
249-A-T    Nonsynonymous_mutation    0.994593047    0.994592726    1.003262074    0.999154481    0.997900582
250-T-A    Nonsynonymous_mutation    0.983842192    0.988124324    0.98572745    0.996758137    0.988613026
250-T-C    Nonsynonymous_mutation    0.994341471    0.993754709    1.001506085    0.993596306    0.995799643
250-T-G    Nonsynonymous_mutation    0.997790218    1.000008275    1.002673997    0.996849826    0.999330579
251-T-A    Nonsynonymous_mutation    0.993418861    1.002456709    0.997418748    1.008847734    1.000535513
251-T-C    Nonsynonymous_mutation    0.993216834    0.997050855    0.989114077    0.997641696    0.994255866
251-T-G    Nonsynonymous_mutation    0.989758066    0.992759332    0.999853251    0.995593226    0.994490969
252-C-A    Nonsynonymous_mutation    0.990762678    0.985570012    0.992388135    0.992833344    0.990388542
252-C-G    Nonsynonymous_mutation    0.998112658    0.993970292    0.995640177    0.991692892    0.994854005
252-C-T    Synonymous_mutation    0.988050723    0.991136126    1.001074707    0.99647255    0.994183527
253-A-C    Nonsynonymous_mutation    0.989818968    0.996004432    1.006748481    0.994860465    0.996858087
253-A-G    Nonsynonymous_mutation    0.991997424    0.989358346    0.992224696    0.995832404    0.992353218
253-A-T    Nonsynonymous_mutation    0.988323903    0.999706209    0.990702171    0.998702533    0.994358704
254-T-A    Nonsynonymous_mutation    0.993754216    0.993153443    1.002114149    1.00508022    0.998525507
254-T-C    Nonsynonymous_mutation    0.993734156    0.989013959    0.991111252    0.99019837    0.991014434
254-T-G    Nonsynonymous_mutation    0.990683175    0.989520815    0.999310383    1.00216287    0.995419311
255-G-A    Nonsynonymous_mutation    0.997349469    0.984821325    0.998088691    0.999971713    0.9950578
255-G-C    Nonsynonymous_mutation    0.999088816    0.993955708    1.000879767    0.997146612    0.997767726
255-G-T    Nonsynonymous_mutation    0.987720869    0.995751497    1.000094702    0.990565608    0.993533169
256-G-A    Nonsynonymous_mutation    0.993070463    0.988650757    0.992240654    1.000547507    0.993627345
256-G-C    Nonsynonymous_mutation    0.992276232    0.99127505    0.991699947    0.994829341    0.992520143
256-G-T    Nonsynonymous_mutation    0.99236686    0.996119157    0.988260174    0.994980523    0.992931679
257-T-A    Nonsynonymous_mutation    0.9937911    0.993736211    0.994983659    0.991594887    0.993526464
257-T-C    Nonsynonymous_mutation    0.996806632    0.990222079    0.999816287    0.994855844    0.995425211
257-T-G    Nonsynonymous_mutation    0.986524124    0.985855219    0.996873021    1.005862459    0.993778706
258-C-A    Synonymous_mutation    0.994088589    0.997420119    0.999678279    1.005728415    0.999228851
258-C-G    Synonymous_mutation    0.984687349    0.985291927    0.99497008    0.981410693    0.986590012
258-C-T    Synonymous_mutation    0.995672625    0.986091615    0.99623746    0.995371477    0.993343294
259-G-A    Nonsynonymous_mutation    0.988627015    0.992404233    0.998415953    0.994300906    0.993437027
259-G-C    Nonsynonymous_mutation    0.985774298    0.990352419    0.996551608    0.99143375    0.991028019
259-G-T    Nonsynonymous_mutation    0.989904238    0.99794426    0.9994391    0.993855043    0.99528566
260-A-C    Nonsynonymous_mutation    0.990181556    0.993126934    0.992967672    0.992492021    0.992192046
260-A-G    Nonsynonymous_mutation    0.997508864    0.996075606    0.998785612    0.99408464    0.996613681
260-A-T    Nonsynonymous_mutation    0.989645132    0.99293501    0.999775919    0.995629459    0.99449638
261-C-A    Nonsynonymous_mutation    0.990904319    0.989851146    0.991173273    0.989114827    0.990260891
261-C-G    Nonsynonymous_mutation    0.997567313    0.996850466    0.980436836    1.00066244    0.993879264
261-C-T    Synonymous_mutation    0.984135655    0.991319315    0.995022858    0.99039112    0.990217237
262-A-C    Nonsynonymous_mutation    0.996014768    0.996253628    0.996888113    0.994815384    0.995992973
262-A-G    Nonsynonymous_mutation    0.996487698    0.989721106    0.999937221    1.000918437    0.996766116
262-A-T    Nonsynonymous_mutation    0.999580511    1.003911204    0.999135656    0.999525622    1.000538248
263-T-A    Nonsynonymous_mutation    1.002535496    0.993424337    0.995111412    0.98984284    0.995228521
263-T-C    Nonsynonymous_mutation    1.000113612    0.991523493    0.997681681    0.998121127    0.996859978
263-T-G    Nonsynonymous_mutation    0.988038312    0.994268396    0.99294733    0.9969332    0.99304681
264-T-A    Synonymous_mutation    0.998307284    0.991303509    0.99378219    0.993642549    0.994258883
264-T-C    Synonymous_mutation    0.994397531    0.99190723    1.00315268    1.002123574    0.997895254
264-T-G    Nonsynonymous_mutation    0.989645594    0.988016232    0.996308819    0.995404249    0.992343724
265-G-A    Nonsynonymous_mutation    0.994723289    0.988661151    1.000391297    0.996747108    0.995130711
265-G-C    Nonsynonymous_mutation    0.995786017    0.992610547    0.995671574    0.995733039    0.994950294
265-G-T    Nonsynonymous_mutation    0.987155417    1.000341808    0.990036528    0.997436796    0.993742637
266-G-A    Nonsynonymous_mutation    0.984982615    0.99051233    0.992960445    0.998501572    0.991739241
266-G-C    Nonsynonymous_mutation    0.987668196    0.993096094    0.99088699    0.991648743    0.990825006
266-G-T    Nonsynonymous_mutation    0.992571564    0.994881691    0.989555209    0.994646828    0.992913823
