Genotype    Mutation_type    Fitness_from_YPD_replicate_1    Fitness_from_YPD_replicate_2    Fitness_from_YPD_replicate_3    Fitness_from_YPD_replicate_4    YPD_fitness
130-T-A    Nonsynonymous_mutation    0.989441113    0.999356618    0.994878705    0.996146176    0.994955653
130-T-C    Nonsynonymous_mutation    0.990465826    0.988421551    0.986283364    0.992969395    0.989535034
130-T-G    Nonsynonymous_mutation    1.004781864    0.997929829    1.003049285    0.993781821    0.9998857
131-T-A    Nonsynonymous_mutation    0.99655176    0.992363569    0.991964633    0.996670529    0.994387623
131-T-C    Nonsynonymous_mutation    0.997214422    1.003791063    1.004902647    1.000988608    1.001724185
131-T-G    Nonsynonymous_mutation    1.002056573    1.004226052    1.00191958    0.993090986    1.000323298
132-T-A    Nonsynonymous_mutation    1.001199967    0.996052809    1.007887928    1.000018271    1.001289744
132-T-C    Synonymous_mutation    0.998555581    0.996317653    0.999594499    0.994508542    0.997244069
132-T-G    Nonsynonymous_mutation    0.98969881    0.995317839    0.998831783    0.998555545    0.995600994
133-C-A    Nonsynonymous_mutation    1.000130451    0.993821917    1.001599193    0.999123219    0.998668695
133-C-G    Nonsynonymous_mutation    0.993894238    0.993409858    0.993576983    0.998928494    0.994952393
133-C-T    Nonsynonymous_mutation    1.003434156    1.000910707    0.998506678    0.997689077    1.000135155
134-C-A    Nonsynonymous_mutation    0.997773448    0.997703643    0.999177495    1.004222068    0.999719164
134-C-G    Nonsynonymous_mutation    0.992173687    0.996773957    1.000124266    0.996309737    0.996345412
134-C-T    Nonsynonymous_mutation    0.996168453    0.991900996    0.999828555    0.996372707    0.996067678
135-C-A    Synonymous_mutation    0.989984504    0.992758909    0.997955217    0.994887145    0.993896444
135-C-G    Synonymous_mutation    0.997184731    1.003963408    1.001794852    1.000946992    1.000972496
135-C-T    Synonymous_mutation    0.990295284    0.995564963    0.993621683    0.999835207    0.994829284
136-T-A    Nonsynonymous_mutation    0.997169018    0.999188079    0.998868356    0.992695922    0.996980344
136-T-C    Nonsynonymous_mutation    0.992171152    0.997202377    0.988131743    0.992491425    0.992499174
136-T-G    Nonsynonymous_mutation    0.988475355    0.988874758    0.992794225    0.992215771    0.990590027
137-C-A    Nonsynonymous_mutation    0.994040111    0.992047954    0.995930256    0.991581739    0.993400015
137-C-G    Nonsynonymous_mutation    0.999741654    1.000007585    0.996339517    0.992990228    0.997269746
137-C-T    Nonsynonymous_mutation    0.99447159    0.991507866    1.001813539    1.000920118    0.997178278
138-T-A    Synonymous_mutation    0.995508017    0.992801487    0.992175534    0.993830776    0.993578954
138-T-C    Synonymous_mutation    1.001259936    1.001907159    1.003197487    1.007498403    1.003465746
138-T-G    Synonymous_mutation    0.997295385    0.991809601    0.993920098    0.997189955    0.99505376
139-A-C    Synonymous_mutation    0.996959834    1.003083151    1.000652623    1.002592949    1.000822139
139-A-G    Nonsynonymous_mutation    0.993764735    0.997873728    1.00001448    0.995996254    0.996912299
140-G-A    Nonsynonymous_mutation    0.995714027    0.994181895    0.999582081    0.992257633    0.995433909
140-G-C    Nonsynonymous_mutation    0.983591497    1.000902302    0.995048901    0.997576837    0.994279884
140-G-T    Nonsynonymous_mutation    1.000394367    0.994468811    1.00047238    0.997509381    0.998211235
141-A-C    Nonsynonymous_mutation    0.992308094    1.003673629    0.999569135    0.995745864    0.997824181
141-A-G    Synonymous_mutation    1.001102803    0.996008521    0.993354916    1.001374264    0.997960126
141-A-T    Nonsynonymous_mutation    0.994699168    1.007785114    1.002643265    0.993911262    0.999759702
142-T-A    Nonsynonymous_mutation    0.987560507    0.995113548    0.999336634    0.993470929    0.993870405
142-T-C    Nonsynonymous_mutation    1.000140413    0.99793235    0.99742479    0.999638835    0.998784097
142-T-G    Nonsynonymous_mutation    0.991090347    0.9945745    0.989701852    0.990717308    0.991521002
143-T-A    Nonsynonymous_mutation    1.000130451    1.008877631    0.999452409    0.995163743    1.000906059
143-T-C    Nonsynonymous_mutation    0.991431249    0.996215111    0.996169413    0.995439774    0.994813887
143-T-G    Nonsynonymous_mutation    0.995077458    0.994469093    0.998607895    0.993844059    0.995499626
144-C-A    Nonsynonymous_mutation    0.992459771    1.005412303    0.993287025    0.990618626    0.995444431
144-C-G    Nonsynonymous_mutation    0.996341045    0.997383142    1.000695259    0.994815384    0.997308708
144-C-T    Synonymous_mutation    1.002579477    1.005862752    1.002224812    0.998712758    1.00234495
145-A-C    Nonsynonymous_mutation    1.004957632    1.002309929    1.003348218    1.001374928    1.002997677
145-A-G    Nonsynonymous_mutation    0.989381741    0.981481532    0.998061759    0.994224219    0.990787313
146-A-C    Nonsynonymous_mutation    1.002523608    1.00835833    0.996215265    1.005111325    1.003052132
146-A-G    Nonsynonymous_mutation    1.0031252    1.003201901    1.005060766    1.001787964    1.003293958
146-A-T    Nonsynonymous_mutation    1.002083583    1.00196367    1.000850822    0.998177494    1.000768892
147-G-A    Synonymous_mutation    1.001898004    1.001146242    0.995037011    0.995491311    0.998393142
147-G-C    Nonsynonymous_mutation    1.000656008    1.002273059    1.000502654    0.992981745    0.999103367
147-G-T    Nonsynonymous_mutation    0.989260645    0.995003542    0.990209364    0.992183869    0.991664355
148-T-A    Nonsynonymous_mutation    0.999987963    1.000704389    1.004559418    1.000109143    1.001340228
148-T-C    Nonsynonymous_mutation    0.994083255    0.988521026    0.992260162    0.986837137    0.990425395
148-T-G    Nonsynonymous_mutation    0.998026536    0.997950177    0.991314913    0.988257006    0.993887158
149-C-A    Nonsense_mutation    0.997868457    1.00253935    1.00512866    1.001455468    1.001747984
149-C-G    Nonsynonymous_mutation    0.996285023    1.001759088    1.004142301    0.998288947    1.00011884
149-C-T    Nonsynonymous_mutation    1.002595194    1.006257273    1.000814438    0.994765772    1.001108169
150-G-A    Synonymous_mutation    1.001672649    1.009286685    1.001289217    1.007649148    1.004974425
150-G-C    Synonymous_mutation    1.002397102    1.006414453    1.007629085    1.000974183    1.004353706
150-G-T    Synonymous_mutation    1.001844991    1.003119828    0.995824264    0.996204987    0.999248518
151-G-A    Nonsynonymous_mutation    0.997155763    0.997354335    0.998717012    0.996498313    0.997431356
151-G-C    Nonsynonymous_mutation    0.999790941    1.001972808    1.0030591    1.003375213    1.002049516
151-G-T    Nonsynonymous_mutation    1.000625187    0.996604595    1.001404778    1.001046254    0.999920204
152-C-A    Nonsynonymous_mutation    0.9936968    0.993429646    0.993203105    0.999048679    0.994844558
152-C-G    Nonsynonymous_mutation    0.989558355    0.989925031    0.986334142    0.986863113    0.98817016
152-C-T    Nonsynonymous_mutation    0.999530933    1.003192125    1.006679863    0.999291042    1.002173491
153-G-A    Synonymous_mutation    0.998473727    1.004510811    0.992651734    1.000231318    0.998966898
153-G-C    Synonymous_mutation    1.003332199    1.000361612    1.006278694    0.9992524    1.002306226
153-G-T    Synonymous_mutation    0.998507973    0.997767722    1.003537697    1.002178122    1.000497879
154-C-A    Nonsynonymous_mutation    1.001096116    0.998038633    1.001047593    0.99687464    0.999264246
154-C-G    Nonsynonymous_mutation    0.994954272    1.001854815    1.004270762    1.0025477    1.000906887
154-C-T    Nonsynonymous_mutation    0.988741541    0.996064902    0.993912612    0.996640457    0.993839878
155-A-C    Nonsynonymous_mutation    0.99470837    0.991906061    0.995707649    0.996770333    0.994773103
155-A-G    Nonsynonymous_mutation    0.995133437    0.999242152    1.001009063    1.00104391    0.999107141
155-A-T    Nonsynonymous_mutation    0.999124667    0.990491338    0.997539985    0.992714123    0.994967528
156-T-A    Nonsynonymous_mutation    0.990964658    1.001154256    1.003386508    1.000253923    0.998939836
156-T-C    Synonymous_mutation    1.005046992    0.998480097    0.99681259    0.998333705    0.999668346
156-T-G    Nonsynonymous_mutation    0.984974397    0.996425847    0.986815192    0.985995783    0.988552805
157-T-A    Nonsynonymous_mutation    0.990638151    0.994482824    0.995986568    0.993683956    0.993697875
157-T-C    Nonsynonymous_mutation    0.995066093    0.997789741    0.990727962    0.996160005    0.99493595
157-T-G    Nonsynonymous_mutation    0.991077674    0.993957342    1.00459037    0.997671892    0.99682432
158-A-C    Nonsynonymous_mutation    0.999525901    0.998099531    1.001406436    1.000766207    0.999949519
158-A-G    Nonsynonymous_mutation    0.999784107    1.003274033    0.999427679    1.000308662    1.00069862
158-A-T    Nonsynonymous_mutation    0.994595255    0.997705997    0.998394065    1.000098141    0.997698365
159-C-G    Nonsense_mutation    1.004962736    0.995092342    1.009362204    1.000951358    1.00259216
159-C-T    Synonymous_mutation    0.996873172    0.996371562    1.001048263    1.003928202    0.9995553
160-A-C    Nonsynonymous_mutation    0.993000724    1.003578593    0.999731302    1.00149815    0.999452192
160-A-G    Nonsynonymous_mutation    0.998331899    1.00139251    1.000697964    0.99787962    0.999575498
161-A-C    Nonsynonymous_mutation    0.995247731    1.00406605    1.004010604    0.990984749    0.998577284
161-A-G    Nonsynonymous_mutation    1.000439015    1.000090231    0.99855892    0.996220364    0.998827133
161-A-T    Nonsynonymous_mutation    0.999985204    0.996752548    0.995386199    0.999688368    0.99795308
162-G-A    Synonymous_mutation    0.990588892    0.996011568    0.996055274    0.986405897    0.992265408
162-G-C    Nonsynonymous_mutation    0.996265232    0.999237432    0.996603495    1.000953372    0.998264883
162-G-T    Nonsynonymous_mutation    0.996720693    0.997472164    0.998011408    0.991479658    0.995920981
163-A-C    Nonsynonymous_mutation    0.991076788    0.997990292    0.994454067    0.988557406    0.993019638
163-A-G    Nonsynonymous_mutation    0.99694496    0.989201063    0.988378908    0.993766542    0.992072868
163-A-T    Nonsense_mutation    1.00335073    1.004339555    1.002229024    0.99743235    1.001837915
164-A-C    Nonsynonymous_mutation    0.996394156    1.001619301    0.994935554    1.001052616    0.998500407
164-A-G    Nonsynonymous_mutation    1.004695773    1.00404573    1.003726801    0.995915564    1.002095967
164-A-T    Nonsynonymous_mutation    0.993605056    0.998721194    0.999841996    0.991476064    0.995911078
165-A-C    Nonsynonymous_mutation    0.993433752    0.999243349    0.992345999    0.995503754    0.995131714
165-A-G    Synonymous_mutation    0.999069319    1.003292594    1.001301854    0.999520065    1.000795958
165-A-T    Nonsynonymous_mutation    0.993643703    1.000349321    0.996395224    1.000963779    0.997838007
166-C-A    Nonsynonymous_mutation    0.998843218    0.995925656    0.995215485    0.997387038    0.996842849
166-C-G    Nonsynonymous_mutation    1.005087699    1.002411288    1.004207662    1.003704423    1.003852768
166-C-T    Nonsynonymous_mutation    0.996295737    1.000919109    1.00139251    0.996081418    0.998672194
167-C-A    Nonsynonymous_mutation    0.989352995    0.988367857    0.998333705    0.996068714    0.993030818
167-C-G    Nonsynonymous_mutation    0.995442399    0.992203022    0.995508878    0.986315229    0.992367382
167-C-T    Nonsynonymous_mutation    0.999003072    0.998805193    1.003910586    0.993956484    0.998918834
168-G-A    Synonymous_mutation    0.996856982    0.997660737    1.000098485    0.995017862    0.997408517
168-G-C    Synonymous_mutation    0.999104837    1.001698636    1.005853089    0.995353528    1.000502523
168-G-T    Synonymous_mutation    0.997089525    0.999133218    0.992625271    0.995026585    0.99596865
169-A-C    Nonsynonymous_mutation    0.991060563    0.995368061    0.996769012    0.994622976    0.994455153
169-A-G    Nonsynonymous_mutation    1.000955051    1.003530825    1.009105753    1.000540375    1.003533001
169-A-T    Nonsynonymous_mutation    0.997094576    0.999224677    0.995469585    0.98993199    0.995430207
170-C-A    Nonsynonymous_mutation    0.995700842    0.996084574    0.999470892    0.998529791    0.997446525
170-C-G    Nonsynonymous_mutation    0.998302836    0.995730591    0.992532368    0.997285228    0.995962756
170-C-T    Nonsynonymous_mutation    0.994365069    1.003309259    0.999384484    0.997155875    0.998553672
171-A-C    Synonymous_mutation    0.996471408    1.004938712    1.004856309    1.000384816    1.001662811
171-A-G    Synonymous_mutation    0.994165731    0.998458824    0.990626527    0.998976113    0.995556799
171-A-T    Synonymous_mutation    0.99061683    0.989370162    0.994868153    0.994119677    0.992243706
172-A-C    Synonymous_mutation    0.99541582    0.999336248    1.001576763    1.000474081    0.999200728
172-A-G    Nonsynonymous_mutation    0.998185331    0.997907384    1.00365184    1.003240977    1.000746383
172-A-T    Nonsense_mutation    0.999464312    1.009206738    0.995906282    0.996470418    1.000261938
173-G-A    Nonsynonymous_mutation    0.994875998    0.997907384    1.000354101    0.99898807    0.998031388
173-G-C    Nonsynonymous_mutation    1.005422381    1.004322751    1.01068085    1.002804313    1.005807574
173-G-T    Nonsynonymous_mutation    0.999347031    1.00048701    0.998119201    0.993216167    0.997792352
174-A-C    Nonsynonymous_mutation    0.992808324    0.994436858    0.998499666    0.988667936    0.993603196
174-A-G    Synonymous_mutation    0.992036439    0.993231893    0.998130358    0.99682096    0.995054913
174-A-T    Nonsynonymous_mutation    0.99671782    0.996920195    1.004821969    0.996187645    0.998661907
175-A-C    Synonymous_mutation    0.99917319    0.997023352    0.998074645    0.998943131    0.99830358
175-A-G    Nonsynonymous_mutation    1.00264999    1.002121299    0.999309012    0.996209167    1.000072367
175-A-T    Nonsense_mutation    0.986335206    0.979836508    0.987507251    0.990485029    0.986040999
176-G-A    Nonsynonymous_mutation    0.989247533    0.992182494    0.991571732    0.989728474    0.990682558
176-G-C    Nonsynonymous_mutation    1.000863278    0.996894058    0.997610738    0.999660704    0.998757195
176-G-T    Nonsynonymous_mutation    1.000638738    1.005925933    1.002910959    0.998302113    1.001944436
177-A-C    Nonsynonymous_mutation    0.994128259    0.997713498    0.995540195    0.997300742    0.996170674
177-A-G    Synonymous_mutation    0.995785318    1.001931669    1.007295859    1.00202889    1.001760434
177-A-T    Nonsynonymous_mutation    0.987330837    0.994051157    0.991769466    0.999054911    0.993051593
178-C-A    Nonsynonymous_mutation    0.994825274    0.993629932    0.98871677    0.993907825    0.99276995
178-C-G    Nonsynonymous_mutation    0.983331934    0.992991067    0.984225597    0.98851588    0.98726612
178-C-T    Nonsynonymous_mutation    0.99320131    1.000554298    0.998087927    0.994783661    0.996656799
179-A-C    Nonsynonymous_mutation    0.998666183    1.009472274    1.002674957    1.006162169    1.004243896
179-A-G    Nonsynonymous_mutation    0.999748878    0.999642074    1.000153463    0.995444594    0.998747252
179-A-T    Nonsynonymous_mutation    1.000976531    0.995184196    0.998577944    0.995085336    0.997456002
180-C-A    Nonsynonymous_mutation    0.993528669    0.998231198    0.990014568    0.997279609    0.994763511
180-C-G    Nonsynonymous_mutation    0.995602902    0.999398865    0.998271324    0.990970482    0.996060893
180-C-T    Synonymous_mutation    1.003239718    1.003197487    1.006054293    1.001948653    1.003610038
181-A-C    Nonsynonymous_mutation    1.001583692    0.993777468    1.00375134    1.00404419    1.000789173
181-A-G    Nonsynonymous_mutation    0.987165271    0.99422949    0.988252109    0.992493171    0.99053501
181-A-T    Nonsense_mutation    1.01235867    0.986344025    0.994854729    0.998935174    0.99812315
182-A-C    Nonsynonymous_mutation    0.992432439    0.997653814    1.003119828    0.995027577    0.997058415
182-A-G    Nonsynonymous_mutation    1.000478845    1.000387886    0.999586198    0.993082987    0.998383979
182-A-T    Nonsynonymous_mutation    0.993473373    0.994421294    0.985473579    0.988891122    0.990564842
183-A-C    Nonsynonymous_mutation    0.996236502    0.995733622    1.00035615    0.997767906    0.997523545
183-A-G    Synonymous_mutation    0.995918967    0.988681692    0.998762808    0.994255918    0.994404846
183-A-T    Nonsynonymous_mutation    1.004029096    0.995638775    0.99108853    0.999939155    0.997673889
184-T-A    Nonsynonymous_mutation    0.998042203    0.996596212    0.995669471    0.999372308    0.997420049
184-T-C    Nonsynonymous_mutation    0.997859634    1.001064333    1.00171836    0.997936296    0.999644656
184-T-G    Nonsynonymous_mutation    0.998861913    1.002484706    0.999173896    0.998241959    0.999690619
185-C-G    Nonsense_mutation    0.999990723    0.998880029    0.998658844    0.980346542    0.994469035
185-C-T    Nonsynonymous_mutation    1.00360791    0.989034907    0.996462574    1.000988608    0.9975235
186-A-C    Synonymous_mutation    0.998082397    0.997233357    0.994448305    1.001384549    0.997787152
186-A-G    Synonymous_mutation    1.000054441    1.004825887    0.996906471    1.002013574    1.000950093
186-A-T    Synonymous_mutation    1.002096918    0.994107392    0.998615101    0.993421475    0.997060222
187-G-A    Nonsynonymous_mutation    0.995619907    1.00259327    1.002829491    0.997991715    0.999758596
187-G-C    Nonsynonymous_mutation    0.998922168    1.00079657    0.994739241    0.994486126    0.997236026
187-G-T    Nonsynonymous_mutation    0.997217479    1.005535418    1.000628236    0.998276355    1.000414372
188-C-A    Nonsynonymous_mutation    1.001252611    0.993654791    0.996660116    0.990958433    0.995631488
188-C-G    Nonsynonymous_mutation    0.994624219    0.995542735    0.997489371    0.99834978    0.996501526
188-C-T    Nonsynonymous_mutation    0.992202335    0.996148251    0.998298677    0.997463168    0.996028108
189-G-A    Synonymous_mutation    0.996686388    1.002585893    1.006591324    1.004730234    1.00264846
189-G-C    Synonymous_mutation    0.998664608    0.995862392    1.002182664    0.997695331    0.998601249
189-G-T    Synonymous_mutation    0.998634453    1.003213565    0.999488562    1.001935262    1.000817961
190-A-C    Synonymous_mutation    0.995657009    1.0045254    1.002012922    1.001518315    1.000928412
190-A-G    Nonsynonymous_mutation    0.984921934    0.994470543    0.994021272    0.988730697    0.990536112
190-A-T    Nonsynonymous_mutation    0.983971182    0.990344773    0.991295141    0.988580815    0.988547978
191-G-A    Nonsynonymous_mutation    0.996827708    0.995865219    1.004580663    1.001605128    0.99971968
191-G-C    Nonsynonymous_mutation    0.991910737    0.986181893    0.988453977    0.992404062    0.989737667
191-G-T    Nonsynonymous_mutation    0.985551617    0.993133501    0.992158602    0.997859121    0.99217571
192-G-A    Synonymous_mutation    0.994023515    0.995600991    1.004037414    0.987693908    0.995338957
192-G-C    Nonsynonymous_mutation    0.998528964    0.995348892    0.999153069    0.996880173    0.997477775
192-G-T    Nonsynonymous_mutation    1.000836003    0.998588672    0.99384574    0.994079916    0.996837583
193-C-A    Nonsynonymous_mutation    1.0055168    1.008244798    0.999001618    1.006014667    1.004694471
193-C-G    Nonsynonymous_mutation    0.988141954    0.99970746    0.998823623    0.986971953    0.993411248
193-C-T    Nonsense_mutation    0.985807965    0.984816297    1.007144754    1.005368103    0.99578428
194-A-C    Nonsynonymous_mutation    1.000163419    0.998872983    0.998699564    0.997568901    0.998826217
194-A-G    Nonsynonymous_mutation    0.999631275    0.997383439    1.005047591    0.99821072    1.000068256
194-A-T    Nonsynonymous_mutation    0.998352922    0.992356089    1.000666502    1.007238424    0.999653484
195-G-A    Synonymous_mutation    0.991108993    1.005072439    0.998664608    0.99203027    0.996719078
195-G-C    Nonsynonymous_mutation    0.990816697    0.998569151    0.993165771    0.992910947    0.993865642
195-G-T    Nonsynonymous_mutation    1.003406891    0.996376028    0.995217772    0.995723088    0.997680945
196-T-A    Nonsynonymous_mutation    0.997561296    0.995166271    0.998650178    0.998991794    0.997592385
196-T-C    Synonymous_mutation    0.999544521    0.998499594    0.999365078    0.997768199    0.998794348
196-T-G    Nonsynonymous_mutation    0.998639003    1.000026542    1.002760927    0.99920878    1.000158813
197-T-C    Nonsynonymous_mutation    1.001294539    0.998781973    1.001552669    1.00112219    1.000687843
197-T-G    Nonsynonymous_mutation    0.996479935    1.00024365    1.002207311    1.00231704    1.000311984
198-G-A    Synonymous_mutation    0.999205325    1.004841252    0.994174301    0.995972827    0.998548426
198-G-C    Nonsynonymous_mutation    0.989103722    1.000992969    0.989244172    0.989104097    0.99211124
198-G-T    Nonsynonymous_mutation    1.000106393    0.997970551    0.993538717    0.99747072    0.997271595
199-A-C    Nonsynonymous_mutation    0.986283211    0.995180999    0.993234604    0.995564807    0.992565905
199-A-G    Nonsynonymous_mutation    1.001144906    1.001773201    1.00105496    1.003898837    1.001967976
199-A-T    Nonsynonymous_mutation    0.994112965    0.992170335    0.998213294    0.999619462    0.996029014
200-T-A    Nonsynonymous_mutation    1.001882632    1.009185923    0.999719904    1.000736493    1.002881238
200-T-C    Nonsynonymous_mutation    0.992977124    0.995177248    0.997717946    0.991625011    0.994374332
200-T-G    Nonsynonymous_mutation    1.00246894    1.004962136    1.00057636    0.997267698    1.001318784
201-C-A    Synonymous_mutation    0.995791916    0.99833739    0.999024058    0.996716383    0.997467437
201-C-G    Nonsynonymous_mutation    0.994828105    0.997068192    0.994894388    0.988674246    0.993866233
201-C-T    Synonymous_mutation    0.994637971    1.003825164    0.989808082    1.007943232    0.999053612
202-T-A    Nonsynonymous_mutation    0.996096272    1.006064193    0.99963563    1.000592982    1.000597269
202-T-C    Nonsynonymous_mutation    0.990261376    0.994739841    0.995793778    0.992440969    0.993308991
202-T-G    Nonsynonymous_mutation    0.998292854    0.993175631    0.995239613    0.994051809    0.995189977
203-C-A    Nonsense_mutation    1.00575955    0.988988673    0.978569709    1.001613369    0.993732825
203-C-G    Nonsynonymous_mutation    1.000263508    1.001153922    1.003122989    1.002384201    1.001731155
203-C-T    Nonsynonymous_mutation    0.996131689    0.998325177    0.994351737    0.998602696    0.996852825
204-G-A    Synonymous_mutation    1.001192964    0.997596982    1.001499803    1.000382428    1.000168044
204-G-C    Synonymous_mutation    1.000794884    0.998352813    1.000590947    0.995928864    0.998916877
204-G-T    Synonymous_mutation    1.001001687    0.995957844    0.996981719    0.993510757    0.996863002
205-G-A    Nonsynonymous_mutation    0.997873398    1.00035137    0.998140786    0.996872269    0.998309456
205-G-C    Nonsynonymous_mutation    1.00514957    1.004756813    1.00704319    1.004525704    1.005368819
205-G-T    Nonsynonymous_mutation    1.0017837    1.001278905    1.007430641    1.002171633    1.00316622
206-A-C    Nonsynonymous_mutation    0.997274436    1.001499472    1.000227207    0.999318819    0.999579984
206-A-G    Nonsynonymous_mutation    0.995106982    0.992841609    0.9876762    0.98968904    0.991328458
206-A-T    Nonsynonymous_mutation    0.995140077    0.99935746    0.99750254    1.004994543    0.999248655
207-C-A    Nonsynonymous_mutation    0.99428763    1.002324473    0.996791996    1.004078975    0.999370769
207-C-G    Nonsynonymous_mutation    0.998394354    1.001381232    0.996796825    0.996629164    0.998300394
207-C-T    Synonymous_mutation    0.998352127    1.007074057    1.001746283    1.002435455    1.002401981
208-G-A    Nonsynonymous_mutation    0.996086999    0.994412622    0.990151542    0.977561583    0.989553187
208-G-C    Nonsynonymous_mutation    0.999358268    1.002913184    1.005503496    1.004657948    1.003108224
209-A-C    Nonsynonymous_mutation    0.997036394    1.002286971    0.994315228    0.999598405    0.99830925
209-A-G    Nonsynonymous_mutation    0.993321153    0.994728447    0.995244737    0.994238045    0.994383096
209-A-T    Nonsynonymous_mutation    0.994629031    0.99677709    1.000168224    0.991928048    0.995875598
210-A-C    Nonsynonymous_mutation    0.994434882    0.997171818    0.997280465    0.996126654    0.996253455
210-A-G    Synonymous_mutation    0.999615419    0.998462605    1.000249129    0.996118157    0.998611328
210-A-T    Nonsynonymous_mutation    0.982007912    0.990609062    0.997481564    0.990991058    0.990272399
211-A-C    Nonsynonymous_mutation    0.991561809    0.997665965    0.993394584    0.998954069    0.995394107
211-A-G    Nonsynonymous_mutation    0.998437647    0.99285746    0.993975479    0.994260456    0.994882761
211-A-T    Nonsynonymous_mutation    0.996009601    0.997604616    0.993965309    1.002051038    0.997407641
212-A-C    Nonsynonymous_mutation    0.998690301    0.996393736    0.999901727    0.995146558    0.997533081
212-A-G    Nonsynonymous_mutation    0.995085574    0.996913239    0.999645731    0.996628102    0.997068162
212-A-T    Nonsynonymous_mutation    1.000712502    1.000013101    1.000012412    0.9936709    0.998602229
213-C-A    Nonsynonymous_mutation    0.996504095    1.008841266    0.999619184    1.001909447    1.001718498
213-C-G    Nonsynonymous_mutation    0.994630755    0.996454234    0.987519114    0.993379512    0.992995904
213-C-T    Synonymous_mutation    1.000287803    0.99952639    0.99498878    0.999463192    0.998566541
214-A-C    Nonsynonymous_mutation    0.995602317    0.991989434    0.995897307    0.992496067    0.993996281
214-A-G    Nonsynonymous_mutation    0.994770804    0.990748545    0.991912901    0.990067825    0.991875019
214-A-T    Nonsense_mutation    0.999386413    0.984519039    0.991617199    0.999092424    0.993653769
215-A-C    Nonsynonymous_mutation    0.998639003    0.997088066    0.99741467    1.004696075    0.999459454
215-A-G    Nonsynonymous_mutation    0.997988796    1.003611651    0.996781619    1.004060509    1.000610644
215-A-T    Nonsynonymous_mutation    0.995177248    0.995123869    0.993537188    0.990023472    0.993465444
216-G-A    Synonymous_mutation    0.999750197    0.993536195    0.992636639    0.993661713    0.994896186
216-G-C    Nonsynonymous_mutation    0.997572592    0.996042021    0.998356569    0.995648477    0.996904915
216-G-T    Nonsynonymous_mutation    0.989633085    1.001493189    0.999130993    0.9932228    0.995870017
217-C-A    Synonymous_mutation    1.006769612    1.00060824    1.000596712    1.000715544    1.002172527
217-C-G    Nonsynonymous_mutation    0.995040341    0.996235467    0.998328646    0.994481737    0.996021548
217-C-T    Nonsynonymous_mutation    1.002320918    0.995525654    0.994582851    0.998882235    0.997827915
218-G-A    Nonsynonymous_mutation    1.0074127    1.005777749    1.000382428    1.003784859    1.004339434
218-G-C    Nonsynonymous_mutation    0.995835621    0.99876013    0.998692089    0.997223779    0.997627905
218-G-T    Nonsynonymous_mutation    0.992728677    0.994772681    0.994482382    0.995997102    0.994495211
219-G-A    Synonymous_mutation    0.997447651    0.99283676    0.998598177    0.994051075    0.995733416
219-G-C    Synonymous_mutation    0.999108549    0.993205359    1.000515232    0.995821666    0.997162702
219-G-T    Synonymous_mutation    0.998583147    0.994528853    0.993650175    0.998602301    0.996341119
220-A-C    Nonsynonymous_mutation    0.998343495    0.999139224    0.999818089    0.998298568    0.998899844
220-A-G    Nonsynonymous_mutation    1.001117512    0.999168708    1.002513324    1.003363288    1.001540708
220-A-T    Nonsynonymous_mutation    0.997408366    0.995187907    0.99627243    0.994420648    0.995822338
221-T-A    Nonsynonymous_mutation    0.995538319    0.995124581    1.002674637    1.002313808    0.998912836
221-T-C    Nonsynonymous_mutation    0.995849997    0.997851358    0.997803642    0.996114427    0.996904856
221-T-G    Nonsynonymous_mutation    1.001188628    0.999961255    1.00239162    0.99398679    0.999382073
222-C-A    Synonymous_mutation    0.983750116    0.992074679    0.999314215    0.990943934    0.991520736
222-C-G    Nonsynonymous_mutation    0.9887494    0.99396968    0.997473422    0.992903665    0.993274042
222-C-T    Synonymous_mutation    0.999626537    0.998184461    1.000321651    1.00459128    1.000680982
223-A-C    Nonsynonymous_mutation    0.995435933    0.995664915    0.99376116    0.999028948    0.995972739
223-A-G    Nonsynonymous_mutation    0.996570215    0.997740143    0.996049072    0.997262076    0.996905377
223-A-T    Nonsynonymous_mutation    1.001108487    0.995354039    0.995863438    0.998109604    0.997608892
224-A-C    Nonsynonymous_mutation    1.00354207    0.999846186    1.004043574    1.002479559    1.002477847
224-A-G    Nonsynonymous_mutation    0.9959495    1.003698515    0.993167401    0.994621893    0.996859327
224-A-T    Nonsynonymous_mutation    0.994630755    1.001288552    1.004756813    0.992988128    0.998416062
225-C-A    Nonsynonymous_mutation    0.994462366    1.001017443    0.997163754    0.995233662    0.996969306
225-C-G    Nonsynonymous_mutation    0.995796843    0.992155249    0.990128287    0.992951198    0.992757894
225-C-T    Synonymous_mutation    0.990778458    0.991657899    0.997421342    0.995933889    0.993947897
226-G-A    Nonsynonymous_mutation    0.990742013    1.000098829    0.992918226    0.999385431    0.995786125
226-G-C    Nonsynonymous_mutation    1.004569131    1.000447189    0.996539489    1.001125532    1.000670335
226-G-T    Nonsynonymous_mutation    0.998526413    1.001008728    0.996881829    0.996831929    0.998312225
227-C-A    Nonsynonymous_mutation    1.00107203    0.998028613    1.000643818    0.996560077    0.999076135
227-C-G    Nonsynonymous_mutation    0.997103965    1.002474089    0.995029717    1.001301522    0.998977323
227-C-T    Nonsynonymous_mutation    0.983741277    0.993817036    0.998232467    0.996459947    0.993062682
228-C-A    Synonymous_mutation    1.002020418    0.996497781    1.001404778    1.001681862    1.00040121
228-C-G    Synonymous_mutation    0.991984337    1.00315268    0.996827444    0.993554673    0.996379784
228-C-T    Synonymous_mutation    0.998264664    1.000442081    0.990023655    0.999307184    0.997009396
229-T-A    Nonsynonymous_mutation    0.995225659    0.998639576    0.991674419    0.991489384    0.99425726
229-T-C    Synonymous_mutation    0.996852161    0.998287536    0.997797591    0.99848042    0.997854427
229-T-G    Nonsynonymous_mutation    0.996755305    0.999589372    0.995454389    0.998278418    0.997519371
230-T-C    Nonsynonymous_mutation    0.998860667    0.99883278    1.002464757    0.993585448    0.998435913
230-T-G    Nonsynonymous_mutation    0.99116399    0.994089891    1.0011993    0.993658499    0.99502792
231-G-A    Synonymous_mutation    0.991188386    0.996923954    0.993753024    0.996842743    0.994677027
231-G-C    Nonsynonymous_mutation    0.99267644    0.990939752    0.998885117    0.993321736    0.993955761
231-G-T    Nonsynonymous_mutation    0.994414558    0.999503425    1.000197385    1.000885487    0.998750214
232-T-A    Nonsynonymous_mutation    0.99491623    0.993029173    0.995668069    0.994507214    0.994530172
232-T-C    Synonymous_mutation    0.99728787    0.993917276    0.996547087    0.992858724    0.995152739
232-T-G    Nonsynonymous_mutation    0.99693692    0.997540391    0.999483069    0.992116579    0.99651924
233-T-C    Nonsynonymous_mutation    0.987979387    0.993933839    0.997990548    0.992211779    0.993028888
233-T-G    Nonsynonymous_mutation    0.996959871    1.002386459    1.001312825    0.997820984    0.999620035
234-G-A    Synonymous_mutation    1.000435609    1.002130072    0.999629429    1.004060817    1.001563982
234-G-C    Nonsynonymous_mutation    0.99720275    0.99805302    0.994406086    0.991332517    0.995248593
234-G-T    Nonsynonymous_mutation    1.005218787    0.997760783    1.0022695    0.995155211    1.00010107
235-A-C    Nonsynonymous_mutation    0.997026688    1.004854503    1.002964005    1.000992633    1.001459457
235-A-G    Nonsynonymous_mutation    1.001884595    0.998796599    0.994383201    0.999916765    0.99874529
235-A-T    Nonsynonymous_mutation    1.003811837    1.003503321    1.001052951    0.995018099    1.000846552
236-C-A    Nonsynonymous_mutation    1.002775926    1.002102446    1.003225541    0.997482748    1.001396665
236-C-G    Nonsynonymous_mutation    0.992621028    1.002441253    0.999403564    0.994940721    0.997351642
236-C-T    Nonsynonymous_mutation    0.996727006    0.995187196    0.992033117    0.998868819    0.995704035
237-C-A    Synonymous_mutation    0.998642263    1.003437288    1.003664292    0.999766965    1.001377702
237-C-G    Synonymous_mutation    1.002620199    1.002165791    1.000775318    0.998686974    1.001062071
237-C-T    Synonymous_mutation    0.997541241    0.992310747    0.998052984    1.000607901    0.997128218
238-A-C    Nonsynonymous_mutation    0.988684585    0.992848482    0.998693878    0.994477751    0.993676174
238-A-G    Nonsynonymous_mutation    0.998404921    1.000480546    1.002546737    0.999062948    1.000123788
238-A-T    Nonsense_mutation    1.012600382    0.998442294    0.994118132    0.989986469    0.998786819
239-A-C    Nonsynonymous_mutation    0.997307994    1.000224808    1.002295057    0.999937083    0.999941236
239-A-G    Nonsynonymous_mutation    0.994694886    1.001956489    0.992042003    0.998358302    0.99676292
239-A-T    Nonsynonymous_mutation    0.995064073    1.004614628    0.997203198    0.993846601    0.997682125
240-G-A    Synonymous_mutation    0.997506904    1.002687753    1.00501733    1.004726306    1.002484573
240-G-C    Nonsynonymous_mutation    0.989866559    0.997625667    0.99121016    0.993920058    0.993155611
240-G-T    Nonsynonymous_mutation    0.9976741    1.002760927    1.002679756    0.999262645    1.000594357
241-G-A    Nonsynonymous_mutation    0.998860738    0.999419689    0.996682338    0.998074973    0.998259435
241-G-C    Nonsynonymous_mutation    0.995079477    1.000956394    0.991006205    0.990457618    0.994374924
241-G-T    Nonsynonymous_mutation    0.989873759    0.990159912    0.994680395    0.989541326    0.991063848
242-C-A    Nonsynonymous_mutation    1.003069861    1.000309688    1.003256407    0.992674576    0.999827633
242-C-G    Nonsynonymous_mutation    0.994574339    0.992512498    0.995652724    0.997969748    0.995177327
242-C-T    Nonsynonymous_mutation    0.99140904    1.000763169    1.000485989    0.997502392    0.997540148
243-T-A    Synonymous_mutation    0.989742514    0.997852713    0.998901798    0.995625405    0.995530608
243-T-C    Synonymous_mutation    0.995481761    1.004060509    1.002653512    1.003251999    1.001361945
243-T-G    Synonymous_mutation    1.003106553    0.99713858    0.998682609    1.000101923    0.999757416
244-A-C    Nonsynonymous_mutation    1.000341466    1.00059773    0.999192242    0.99232457    0.998114002
244-A-G    Nonsynonymous_mutation    1.004444782    1.004275658    1.007788721    0.999763425    1.004068147
244-A-T    Nonsynonymous_mutation    0.997395719    0.989314165    1.000070964    0.995045651    0.995456625
245-A-C    Nonsynonymous_mutation    0.99423241    0.996945373    1.000963443    1.003644366    0.998946398
245-A-G    Nonsynonymous_mutation    0.999897543    1.006769898    1.002345793    1.000877412    1.002472662
245-A-T    Nonsynonymous_mutation    0.993742748    0.990937883    0.995807124    0.987123609    0.991902841
246-C-A    Nonsynonymous_mutation    0.99461319    0.997503095    0.997342671    1.002267234    0.997931548
246-C-G    Nonsynonymous_mutation    0.990522685    0.994534039    0.994682357    0.99597024    0.99392733
246-C-T    Synonymous_mutation    0.99106575    0.9837788    0.989183486    0.996297    0.990081259
247-A-C    Nonsynonymous_mutation    1.007605107    1.001301189    1.000448551    0.999145405    1.002125063
247-A-G    Nonsynonymous_mutation    0.997995837    0.999684159    0.995590729    1.002600645    0.998967843
248-A-C    Nonsynonymous_mutation    0.994543807    0.994690043    0.995528195    0.993220005    0.994495513
248-A-G    Nonsynonymous_mutation    0.986204846    0.994688882    0.996702618    0.993711945    0.992827073
248-A-T    Nonsynonymous_mutation    1.002101146    1.00298463    1.001704225    0.994597101    1.000346776
249-A-C    Nonsynonymous_mutation    0.999358268    1.000117049    1.003223966    0.992523137    0.998805605
249-A-G    Synonymous_mutation    0.994337348    0.997894438    0.99893528    0.992467399    0.995908616
249-A-T    Nonsynonymous_mutation    0.991082017    0.996948416    0.994105072    0.997925005    0.995015128
250-G-A    Nonsynonymous_mutation    0.989874768    0.999228377    0.992961117    0.994405521    0.994117446
250-G-C    Nonsynonymous_mutation    1.001926442    1.005499947    1.005778923    1.002958609    1.00404098
250-G-T    Nonsynonymous_mutation    0.994803416    0.991697247    0.992420707    0.994900397    0.993455442
251-C-A    Nonsynonymous_mutation    0.99849294    1.000121517    0.995066133    1.003696338    0.999344232
251-C-G    Nonsynonymous_mutation    0.999200671    0.997076952    1.000163075    0.996735434    0.998294033
251-C-T    Nonsynonymous_mutation    1.000587216    1.00067327    1.005554026    1.005360682    1.003043799
252-T-A    Synonymous_mutation    0.995694694    1.000966128    1.00048667    1.000788476    0.999483992
252-T-C    Synonymous_mutation    1.000186066    0.994643863    0.998711793    0.996602319    0.99753601
252-T-G    Synonymous_mutation    1.000794884    0.993660436    0.997649579    0.993064556    0.996292364
253-G-A    Nonsynonymous_mutation    0.99637076    0.996752472    0.997481564    0.992008865    0.995653415
253-G-C    Nonsynonymous_mutation    0.989863807    0.993956443    0.989721613    0.991768466    0.991327582
253-G-T    Nonsynonymous_mutation    1.002700865    0.990191964    1.003427577    0.998607608    0.998732004
254-C-A    Nonsynonymous_mutation    0.983001068    0.992270876    0.990953497    0.973681874    0.984976829
254-C-G    Nonsynonymous_mutation    0.990666141    0.995033166    0.997898827    0.990462624    0.99351519
254-C-T    Nonsynonymous_mutation    0.990075258    1.001430629    0.992066621    0.989848714    0.993355306
255-A-C    Synonymous_mutation    0.99455763    0.999404651    0.993596595    0.992887288    0.995111541
255-A-G    Synonymous_mutation    1.003813697    1.000494833    0.998976113    1.003101494    1.001596534
255-A-T    Synonymous_mutation    0.988835162    0.992455423    0.994978737    0.985581303    0.990462656
256-G-A    Nonsynonymous_mutation    0.994188066    0.996611497    0.998330273    0.999351737    0.997120393
256-G-C    Nonsynonymous_mutation    0.998911967    1.001959753    1.002867066    1.000358198    1.001024246
257-A-C    Nonsynonymous_mutation    0.994956973    0.992371432    0.992335949    0.998347685    0.99450301
257-A-G    Nonsynonymous_mutation    1.005297687    1.004164715    1.00035137    1.006912064    1.004181459
257-A-T    Nonsynonymous_mutation    0.999635003    1.004758926    1.001603479    0.999517374    1.001378696
258-G-A    Synonymous_mutation    1.011486698    1.008068182    1.011247986    1.0172828    1.012021417
258-G-C    Nonsynonymous_mutation    1.000726358    0.992829379    0.998227357    0.993611328    0.996348606
258-G-T    Nonsynonymous_mutation    0.996499873    1.00098257    0.997444539    0.996099581    0.997756641
259-A-C    Nonsynonymous_mutation    0.993989566    0.993368047    0.992651734    0.995298485    0.993826958
259-A-G    Nonsynonymous_mutation    0.993567978    0.986960801    0.998175861    1.000135604    0.994710061
259-A-T    Nonsynonymous_mutation    0.990359475    0.993899886    0.996466763    0.994385785    0.993777977
260-G-A    Nonsynonymous_mutation    0.986532442    0.991200224    0.992049075    0.983914756    0.988424124
260-G-C    Nonsynonymous_mutation    1.005314338    0.99772945    0.995390398    0.990025025    0.997114803
260-G-T    Nonsynonymous_mutation    0.992847217    0.996516493    0.99853015    0.992004332    0.994974548
261-T-A    Nonsynonymous_mutation    1.000467275    1.007513506    0.998129704    1.003760964    1.002467862
261-T-C    Synonymous_mutation    1.002882021    0.99386418    1.004851492    1.001407099    1.000751198
261-T-G    Nonsynonymous_mutation    0.993710093    0.997341148    0.993776482    1.000882795    0.99642763
262-T-A    Nonsynonymous_mutation    1.003755997    1.001303849    1.000097797    1.001690085    1.001711932
262-T-C    Nonsynonymous_mutation    0.993235855    1.001733474    1.007859136    1.004038646    1.001716778
262-T-G    Nonsynonymous_mutation    0.998354547    0.997228177    0.996137569    1.0025477    0.998566998
263-C-A    Nonsynonymous_mutation    0.986035886    0.991181361    0.986124114    0.98627783    0.987404798
263-C-G    Nonsynonymous_mutation    1.000699993    0.998774087    0.999594046    0.999819164    0.999721823
263-C-T    Nonsynonymous_mutation    0.995432327    0.994704169    0.994169874    0.998047594    0.995588491
264-T-A    Synonymous_mutation    0.989442134    0.997383476    0.991672589    0.992137575    0.992658944
264-T-C    Synonymous_mutation    1.003269313    0.993334588    0.998639755    0.991296771    0.996635107
264-T-G    Synonymous_mutation    0.997709012    0.999009419    1.000667179    1.000069931    0.999363885
265-A-C    Nonsynonymous_mutation    0.998993532    1.002435133    1.00670704    1.006192351    1.003582014
265-A-G    Nonsynonymous_mutation    0.993598287    0.995747768    0.998696489    0.992104354    0.995036725
265-A-T    Nonsynonymous_mutation    0.996112004    0.999182082    1.007442971    1.000434246    1.000792826
266-C-A    Nonsynonymous_mutation    1.003064798    0.996906959    1.00027446    0.997451022    0.99942431
266-C-G    Nonsynonymous_mutation    0.993427614    0.9999723    0.999156599    0.999874539    0.998107763
266-C-T    Nonsynonymous_mutation    0.989730868    0.994936985    0.995254823    0.994962614    0.993721323
267-T-A    Synonymous_mutation    0.985681367    0.995394323    1.000245705    0.984336347    0.991414436
267-T-C    Synonymous_mutation    0.996131151    0.999853147    1.000633318    0.992608043    0.997306415
267-T-G    Synonymous_mutation    0.993841477    0.999203915    1.00208521    0.998878606    0.998502302
268-G-A    Nonsynonymous_mutation    1.000935573    0.999616116    0.997095474    0.998935103    0.999145567
268-G-C    Nonsynonymous_mutation    1.000723317    1.00084375    0.998400846    0.997725775    0.999423422
268-G-T    Nonsynonymous_mutation    0.998423342    1.000538676    1.001770576    1.002384201    1.000779199
269-C-A    Nonsynonymous_mutation    0.990686088    0.994583975    0.997225643    0.996255083    0.994687697
269-C-G    Nonsynonymous_mutation    0.984873832    0.99064708    0.998796028    0.989710467    0.991006852
269-C-T    Nonsynonymous_mutation    0.989858441    0.995841667    0.991850342    0.99664057    0.993547755
270-T-A    Synonymous_mutation    1.001457454    1.002588779    1.005627773    1.006004462    1.003919617
270-T-C    Synonymous_mutation    0.990735078    0.998733201    0.993661919    0.996364536    0.994873684
270-T-G    Synonymous_mutation    1.000248787    0.998506714    0.988079535    0.997964345    0.996199845
271-G-A    Nonsynonymous_mutation    0.992430093    0.992770446    0.997738416    0.998750668    0.995422406
271-G-C    Nonsynonymous_mutation    0.993981482    0.997427384    0.993814861    1.000355808    0.996394884
271-G-T    Nonsynonymous_mutation    1.001096116    1.002807501    0.993992383    0.99471025    0.998151563
272-C-A    Nonsynonymous_mutation    0.993422636    1.001986511    1.001078388    0.993770896    0.997564608
272-C-G    Nonsynonymous_mutation    0.990131155    0.997633591    1.00285879    1.006620861    0.999311099
272-C-T    Nonsynonymous_mutation    0.998635349    0.99831343    0.997262002    1.000544111    0.998688723
273-T-A    Synonymous_mutation    0.996037474    0.993794015    1.001750552    1.000724331    0.998076593
273-T-C    Synonymous_mutation    0.99253509    1.000935573    1.004218391    0.99771949    0.998852136
273-T-G    Synonymous_mutation    0.993718774    0.995407544    1.000161359    1.003375213    0.998165723
274-A-C    Synonymous_mutation    0.996802823    0.993849183    0.996963701    0.994438309    0.995513504
274-A-G    Nonsynonymous_mutation    0.998777869    0.992334666    1.007261522    0.993603653    0.997994428
274-A-T    Nonsynonymous_mutation    0.98965819    0.994110891    0.998356605    0.99737494    0.994875157
275-G-A    Nonsynonymous_mutation    0.999873743    1.000600103    1.003892342    0.992234906    0.999150274
275-G-C    Nonsynonymous_mutation    0.99440431    0.995901408    0.998966495    0.994333184    0.995901349
275-G-T    Nonsynonymous_mutation    1.002789963    1.000882795    1.001301189    0.995880086    1.000213508
276-G-A    Synonymous_mutation    0.984233831    0.995790751    0.992937912    0.987709951    0.990168111
276-G-C    Nonsynonymous_mutation    1.00054479    0.997328663    1.000424366    1.002852423    1.000287561
276-G-T    Nonsynonymous_mutation    0.988398945    1.004730536    0.996735622    0.994190461    0.996013891
277-C-A    Synonymous_mutation    0.996510941    1.001234294    0.999681793    0.991733375    0.997290101
277-C-G    Nonsynonymous_mutation    0.991732592    0.984447606    0.987786163    0.992829548    0.989198977
277-C-T    Nonsense_mutation    0.991383917    0.989319801    0.992294693    0.989063537    0.990515487
278-G-A    Nonsynonymous_mutation    0.997493589    0.998826901    1.001352025    1.000099173    0.999442922
278-G-C    Nonsynonymous_mutation    0.989214193    0.991325257    0.996827444    0.993649309    0.992754051
278-G-T    Nonsynonymous_mutation    1.000357515    1.000481907    0.999996207    0.995292229    0.999031965
279-A-C    Synonymous_mutation    0.998953998    1.004006905    0.99806631    1.000805337    1.000458138
279-A-G    Synonymous_mutation    1.000956058    0.99719294    0.997799792    1.004028787    0.999994394
279-A-T    Synonymous_mutation    1.000172342    0.995525693    0.99470897    0.995828799    0.996558951
