Genotype    Mutation_type    Fitness_from_YPD_replicate_1    Fitness_from_YPD_replicate_2    Fitness_from_YPD_replicate_3    Fitness_from_YPD_replicate_4    YPD_fitness
304-G-A    Nonsynonymous_mutation    0.989681756    0.986107435    0.988628345    0.997998791    0.990604082
304-G-C    Nonsynonymous_mutation    0.987706831    0.995680061    0.994903978    0.997611254    0.993975531
305-A-C    Nonsynonymous_mutation    0.989226337    0.995011595    0.997250867    1.001353353    0.995710538
305-A-G    Nonsynonymous_mutation    0.989102316    0.996533332    0.993038441    0.996910908    0.993896249
305-A-T    Nonsynonymous_mutation    0.987428418    0.991510624    0.99521091    0.998219021    0.993092243
306-A-C    Nonsynonymous_mutation    0.992232976    0.994460997    0.992302058    0.998746918    0.994435737
306-A-G    Synonymous_mutation    0.99447163    0.996045566    0.996005898    1.001660801    0.997045974
306-A-T    Nonsynonymous_mutation    0.998058301    0.994077025    1.000850822    1.007306829    1.000073244
307-C-A    Nonsynonymous_mutation    0.983067769    0.992297519    0.996507594    1.001355677    0.99330714
307-C-G    Nonsynonymous_mutation    0.988775046    0.989387971    0.990751229    0.997910053    0.991706075
307-C-T    Nonsynonymous_mutation    0.99124498    0.99372445    0.989309413    0.992819929    0.991774693
308-A-G    Nonsynonymous_mutation    0.992547805    0.998516709    0.994562531    0.998226016    0.995963265
308-A-T    Nonsynonymous_mutation    0.991218195    0.997826189    0.996396597    0.996390378    0.99545784
309-T-A    Nonsynonymous_mutation    0.993027747    0.996182273    0.995331089    0.999823114    0.996091056
309-T-C    Synonymous_mutation    0.988777979    0.993632778    0.996045258    1.000607223    0.99476581
309-T-G    Nonsynonymous_mutation    1.002198881    1.004621599    1.007693414    1.011312468    1.006456591
310-T-A    Nonsynonymous_mutation    0.990524891    0.985981809    0.995413153    1.001719674    0.993409882
310-T-C    Nonsynonymous_mutation    0.990772379    0.987783779    0.996563533    0.996410672    0.992882591
310-T-G    Nonsynonymous_mutation    0.990673269    0.99790029    0.988352015    0.99755524    0.993620204
311-A-C    Nonsynonymous_mutation    0.997657571    0.993380134    0.991288754    0.99942025    0.995436677
311-A-G    Nonsynonymous_mutation    1.00203508    1.000781729    0.997359682    1.000481567    1.000164515
311-A-T    Nonsynonymous_mutation    0.996342    1.003214511    0.995622208    0.998632769    0.998452872
312-C-T    Synonymous_mutation    0.994827268    0.997800672    0.995033682    1.007356012    0.998754409
313-C-A    Nonsynonymous_mutation    0.992994846    0.99002886    0.991333837    0.998567249    0.993231198
313-C-G    Nonsynonymous_mutation    0.997749693    0.997729267    1.006952986    1.008243154    1.002668775
313-C-T    Synonymous_mutation    0.993354085    1.002190125    0.992816005    0.998833101    0.996798329
314-T-A    Nonsynonymous_mutation    0.991144134    0.985060015    0.992184298    0.999489646    0.991969523
314-T-C    Nonsynonymous_mutation    0.993060784    0.996597388    0.991079978    0.998516385    0.994813634
314-T-G    Nonsynonymous_mutation    0.991071247    0.989412462    0.987257386    0.992920246    0.990165335
315-A-C    Synonymous_mutation    0.998031091    0.990059753    0.991746337    0.994745116    0.993645574
315-A-G    Synonymous_mutation    0.989736898    0.996563761    0.990479801    0.99683159    0.993403013
315-A-T    Synonymous_mutation    0.995196471    0.995934005    0.992758825    0.995897501    0.994946701
316-A-C    Nonsynonymous_mutation    0.996655685    0.996045296    0.993040328    0.996190063    0.995482843
316-A-G    Nonsynonymous_mutation    0.982008944    0.987757548    0.986671038    0.981716962    0.984538623
317-A-C    Nonsynonymous_mutation    0.988509113    0.996861425    0.992837224    0.998024786    0.994058137
317-A-G    Nonsynonymous_mutation    0.993264658    0.997136114    0.99195054    0.995545666    0.994474245
317-A-T    Nonsynonymous_mutation    0.98321492    0.999234085    0.990354952    0.993633726    0.991609421
318-A-C    Nonsynonymous_mutation    0.989856285    0.988647054    0.991582525    0.996427105    0.991628242
318-A-G    Synonymous_mutation    0.98891921    0.997733309    0.992830433    0.997453873    0.994234206
318-A-T    Nonsynonymous_mutation    0.997819591    0.992840934    0.993527511    0.995976996    0.995041258
319-T-A    Nonsynonymous_mutation    0.98932879    0.994988978    1.003390585    1.005798579    0.998376733
319-T-C    Nonsynonymous_mutation    0.994273539    0.998210538    0.998827828    0.998556802    0.997467177
319-T-G    Nonsynonymous_mutation    0.991277033    0.995696017    0.996058509    1.000114643    0.995786551
320-A-C    Nonsynonymous_mutation    0.987912753    0.991955425    0.991999971    0.995277665    0.991786454
320-A-G    Nonsynonymous_mutation    0.989909231    0.993024475    0.990643939    0.993188869    0.991691629
320-A-T    Nonsynonymous_mutation    0.993664515    0.99035355    0.995416291    0.999865056    0.994824853
321-T-C    Synonymous_mutation    0.991766902    0.991779113    0.996604329    1.001208302    0.995339662
322-T-A    Nonsynonymous_mutation    0.992559325    1.005293523    0.995280106    0.997901972    0.997758732
322-T-C    Nonsynonymous_mutation    0.992587239    0.994032201    0.997209239    1.001295536    0.996281054
322-T-G    Nonsynonymous_mutation    0.988664093    0.990510393    0.997741943    1.002525215    0.994860411
323-A-C    Nonsynonymous_mutation    0.984346325    0.993037057    0.988855225    0.988860463    0.988774768
323-A-G    Nonsynonymous_mutation    0.991070582    0.995140907    0.991634218    0.995908835    0.993438636
323-A-T    Nonsynonymous_mutation    0.988185317    0.994779509    0.992147209    0.99849517    0.993401801
324-T-C    Synonymous_mutation    0.991018281    0.997100374    0.998171868    1.001242288    0.996883203
325-C-A    Nonsynonymous_mutation    0.991330185    0.984134683    0.990434608    0.996505617    0.990601273
325-C-G    Nonsynonymous_mutation    0.990391301    0.996450234    0.995408564    1.003416295    0.996416599
325-C-T    Synonymous_mutation    0.99425685    0.987243458    0.99586549    0.998243589    0.993902347
326-T-A    Nonsynonymous_mutation    0.988241642    0.988273658    0.991456602    0.996364078    0.991083995
326-T-C    Nonsynonymous_mutation    0.99074425    0.992959058    0.99920328    1.0002039    0.995777622
326-T-G    Nonsynonymous_mutation    0.991374689    0.997364583    0.991454102    0.994986478    0.993794963
327-G-A    Synonymous_mutation    0.995357378    1.001037881    0.996352086    1.000911379    0.998414681
327-G-C    Synonymous_mutation    0.988139064    0.993348017    0.986624313    0.990428154    0.989634887
327-G-T    Synonymous_mutation    0.993569837    0.989184281    0.993977889    1.00098257    0.994428644
328-G-A    Nonsynonymous_mutation    0.990567631    1.00092415    1.000087479    1.00727785    0.999714278
328-G-C    Nonsynonymous_mutation    0.990090163    0.992664068    0.99854355    0.99891506    0.99505321
329-A-C    Nonsynonymous_mutation    0.990862742    0.998592367    0.993279113    0.993235187    0.993992352
329-A-G    Nonsynonymous_mutation    1.006629173    1.006935373    0.999788097    0.998604453    1.002989274
329-A-T    Nonsynonymous_mutation    0.997055574    0.987767916    0.993515763    0.992469573    0.992702207
330-A-C    Nonsynonymous_mutation    0.992715985    0.997188164    0.989339824    0.994998384    0.993560589
330-A-G    Synonymous_mutation    0.992591485    0.994350161    0.997864357    1.003143207    0.996987303
330-A-T    Nonsynonymous_mutation    0.987773805    0.989244685    0.988687431    0.99239279    0.989524678
331-A-C    Nonsynonymous_mutation    1.000721965    0.993453651    1.000953372    1.001869871    0.999249715
331-A-G    Nonsynonymous_mutation    0.993523085    0.993924311    0.988919115    0.99249811    0.992216155
331-A-T    Nonsynonymous_mutation    0.992544106    0.99880341    1.000827581    1.004683673    0.999214693
332-G-A    Nonsynonymous_mutation    0.996664509    1.004897234    1.001766309    1.000880104    1.001052039
332-G-C    Nonsynonymous_mutation    1.000347955    0.997006217    0.993574257    0.997866224    0.997198663
332-G-T    Nonsynonymous_mutation    0.995477494    0.983950195    0.992184384    0.990463255    0.990518832
333-C-A    Nonsynonymous_mutation    0.997489186    0.995790092    0.99059042    1.001104809    0.996243627
333-C-G    Nonsynonymous_mutation    0.988315949    0.991431425    0.993024055    1.001721646    0.993623269
333-C-T    Synonymous_mutation    0.989381323    0.991968436    0.994701449    0.997595654    0.993411716
334-A-C    Nonsynonymous_mutation    0.990129744    0.987178339    0.990774659    0.992883203    0.990241486
334-A-G    Nonsynonymous_mutation    0.993561781    0.993401558    1.001772217    1.003434782    0.998042585
335-A-C    Nonsynonymous_mutation    0.995417859    0.996825258    0.993827536    0.995702048    0.995443175
335-A-G    Nonsynonymous_mutation    0.993154697    0.994923667    0.99525108    0.99948062    0.995702516
335-A-T    Nonsynonymous_mutation    0.995125609    0.989483977    0.989362952    0.996652125    0.992656166
336-A-C    Nonsynonymous_mutation    0.994726888    0.991492275    0.992679617    0.996219598    0.993779595
336-A-G    Synonymous_mutation    0.994691444    0.995495224    0.99272965    0.994974965    0.994472821
336-A-T    Nonsynonymous_mutation    0.991990514    1.00042641    0.997524354    1.003633153    0.998393608
337-T-A    Nonsynonymous_mutation    0.991749468    0.994992709    1.001256274    1.001257272    0.997313931
337-T-C    Nonsynonymous_mutation    0.992621113    0.99903986    1.001228298    1.002218979    0.998777063
337-T-G    Nonsynonymous_mutation    0.993438976    0.997082116    0.988886124    0.995607076    0.993753573
338-A-C    Nonsynonymous_mutation    0.995517169    0.999426978    0.998556371    1.005505862    0.999751595
338-A-G    Nonsynonymous_mutation    0.992364466    0.995103144    0.995907829    1.002660875    0.996509079
338-A-T    Nonsynonymous_mutation    0.982113298    0.992337788    0.989522853    0.994397329    0.989592817
339-C-T    Synonymous_mutation    0.99425527    0.994509789    0.991506333    0.99564949    0.993980221
340-T-A    Nonsynonymous_mutation    0.995930024    1.01312787    0.989635855    0.987388395    0.996520536
340-T-C    Nonsynonymous_mutation    0.995192603    1.005912779    0.997571005    0.995738442    0.998603707
340-T-G    Nonsynonymous_mutation    0.997350583    1.001631493    0.993449672    0.998023    0.997613687
341-A-C    Nonsynonymous_mutation    0.992907033    0.996690398    0.995499959    0.995932459    0.995257462
341-A-G    Nonsynonymous_mutation    0.9956959    0.992222036    0.992511903    0.994045532    0.993618843
341-A-T    Nonsynonymous_mutation    0.997051716    0.99399524    0.997277786    0.997542497    0.99646681
342-T-C    Synonymous_mutation    0.992475921    0.998760773    0.999677966    1.002644546    0.998389802
343-C-A    Nonsynonymous_mutation    0.994088222    0.986255737    0.99100012    0.997325876    0.992167489
343-C-G    Nonsynonymous_mutation    1.000553279    0.999405737    1.008937082    1.012650374    1.005386618
343-C-T    Nonsynonymous_mutation    0.992998751    0.996525313    0.995225186    1.00141406    0.996540828
344-C-A    Nonsynonymous_mutation    0.98853403    0.993757092    0.990971282    0.992520116    0.99144563
344-C-G    Nonsynonymous_mutation    0.987367578    0.990242868    0.988028409    0.993564879    0.989800934
344-C-T    Nonsynonymous_mutation    0.994430165    0.999397287    1.000710136    1.005883239    1.000105207
345-A-C    Synonymous_mutation    0.992941234    0.993019608    0.990983416    0.992436576    0.992345209
345-A-G    Synonymous_mutation    0.986061999    0.989696737    0.98967627    0.990395774    0.988957695
345-A-T    Synonymous_mutation    1.000762832    1.00480539    0.999557721    1.001141567    1.001566878
346-A-C    Nonsynonymous_mutation    0.986962792    1.007214183    0.991929735    0.996390378    0.995624272
346-A-G    Nonsynonymous_mutation    0.991236686    0.990232566    0.995358203    0.996959007    0.993446616
346-A-T    Nonsynonymous_mutation    0.993452076    0.995712083    0.998684935    1.000989615    0.997209677
347-T-A    Nonsynonymous_mutation    1.00365184    0.975645313    1.005758963    1.00347517    0.997132822
347-T-C    Nonsynonymous_mutation    0.996459566    0.997070214    1.00270726    1.003228062    0.999866276
347-T-G    Nonsynonymous_mutation    0.992960823    1.000582127    0.997083351    0.99941026    0.99750914
348-A-C    Synonymous_mutation    0.992563235    0.9932409    0.992787004    0.994384534    0.993243918
348-A-G    Nonsynonymous_mutation    0.991471857    0.993080181    0.996432784    0.998588995    0.994893454
348-A-T    Synonymous_mutation    0.993182773    0.990231022    0.997777449    1.001383554    0.9956437
349-C-A    Nonsynonymous_mutation    0.988582337    0.998947144    0.988162414    0.992368312    0.992015052
349-C-G    Nonsynonymous_mutation    0.991674899    0.994014623    0.996410062    1.001983249    0.996020708
349-C-T    Nonsynonymous_mutation    0.986389706    0.986551541    0.989210221    0.993314039    0.988866377
350-C-A    Nonsynonymous_mutation    1.003534573    0.99372445    0.997858059    0.999229329    0.998586603
350-C-G    Nonsynonymous_mutation    0.999728766    1.004505338    1.002430301    1.0034614    1.002531451
350-C-T    Nonsynonymous_mutation    0.995895682    0.998144636    0.993913512    0.995265695    0.995804881
351-T-A    Synonymous_mutation    0.992712557    0.996885592    0.993325188    0.99931903    0.995560592
351-T-C    Synonymous_mutation    0.992210019    0.991957846    0.995785784    0.99923257    0.994796555
351-T-G    Synonymous_mutation    0.99560809    0.994116179    0.993736376    0.998026098    0.995371686
352-G-A    Nonsynonymous_mutation    0.990403951    0.991885231    0.998411807    1.002577551    0.995819635
352-G-C    Nonsynonymous_mutation    0.995413271    1.000257347    0.993506039    0.999016757    0.997048354
352-G-T    Nonsynonymous_mutation    0.999006618    0.995777361    0.998744489    0.999775989    0.998326114
353-A-C    Nonsynonymous_mutation    0.997380952    0.994291719    0.997959124    1.000979551    0.997652837
353-A-G    Nonsynonymous_mutation    0.997473681    0.996394842    0.998966175    0.998992255    0.997956738
353-A-T    Nonsynonymous_mutation    0.992809337    0.989422355    0.983699836    0.992068043    0.989499893
354-T-A    Nonsynonymous_mutation    0.997118996    0.997900436    0.998325864    0.998617897    0.997990798
354-T-C    Synonymous_mutation    0.99232949    0.993143202    0.995714183    0.996480353    0.994416807
354-T-G    Nonsynonymous_mutation    0.991048766    0.987388001    0.992049636    1.000088167    0.992643643
355-A-C    Nonsynonymous_mutation    0.991723019    0.995673287    0.993703962    0.994402495    0.993875691
355-A-G    Nonsynonymous_mutation    0.996578832    0.999638382    0.996453206    1.002055596    0.998681504
355-A-T    Nonsynonymous_mutation    0.991637577    0.99921146    0.995083159    1.001358333    0.996822632
356-T-A    Nonsynonymous_mutation    0.996096118    1.000156553    0.997284633    0.999780777    0.99832952
356-T-C    Nonsynonymous_mutation    0.993445734    0.994974925    0.996825258    0.998617216    0.995965783
356-T-G    Nonsynonymous_mutation    0.995224121    0.995408721    1.000175087    1.000311739    0.997779917
357-T-A    Synonymous_mutation    0.988408697    0.989568948    0.996826577    0.999414397    0.993554655
357-T-C    Synonymous_mutation    0.990524891    0.998976077    0.996570139    0.998601979    0.996168272
357-T-G    Nonsynonymous_mutation    0.997419489    1.001180955    0.995681423    0.997719049    0.998000229
358-A-C    Nonsynonymous_mutation    0.994024657    0.992446385    0.997654551    1.001915004    0.996510149
358-A-G    Nonsynonymous_mutation    1.002596797    1.000191554    0.993338496    0.99694064    0.998266872
358-A-T    Nonsynonymous_mutation    0.993961224    0.993601259    0.998203178    1.002261732    0.997006848
359-C-A    Nonsynonymous_mutation    0.992978049    0.995023849    0.994329019    0.997204018    0.994883734
359-C-G    Nonsynonymous_mutation    0.994559478    0.990585701    0.995158608    0.998130358    0.994608536
359-C-T    Nonsynonymous_mutation    0.998835381    1.002286001    0.991029955    0.997765446    0.997479196
360-C-A    Synonymous_mutation    0.988479887    0.989675071    0.993411393    0.994288035    0.991463597
360-C-G    Synonymous_mutation    0.990432261    0.995275696    0.990323637    0.990872283    0.991725969
360-C-T    Synonymous_mutation    0.993463472    1.003452634    0.991575315    0.993168069    0.995414873
361-C-A    Nonsynonymous_mutation    0.993796642    0.990973283    0.990800397    0.996316429    0.992971688
361-C-G    Nonsynonymous_mutation    0.998629652    0.993598618    0.995744076    0.997697391    0.996417434
362-A-C    Nonsynonymous_mutation    0.992612032    0.995659735    0.995378662    1.000199099    0.995962382
362-A-G    Nonsynonymous_mutation    1.000566858    0.993790731    0.993744393    0.997956422    0.996514601
362-A-T    Nonsynonymous_mutation    0.996234547    0.994069368    0.985428618    0.992713827    0.99211159
363-A-C    Nonsynonymous_mutation    0.996099581    0.993312541    0.996712375    0.997567387    0.995922971
363-A-G    Synonymous_mutation    0.992204868    0.998593264    0.992305397    0.995129602    0.994558283
363-A-T    Nonsynonymous_mutation    0.986759895    0.987490331    0.993519197    1.00039539    0.992041203
364-A-C    Nonsynonymous_mutation    0.995709166    0.995264474    0.99807843    1.001312492    0.997591141
364-A-G    Nonsynonymous_mutation    0.994417381    1.001768935    0.993070086    0.994529375    0.995946444
364-A-T    Nonsynonymous_mutation    1.000049621    0.995655567    0.998881203    0.997165696    0.997938022
365-A-C    Nonsynonymous_mutation    0.992309463    0.997584623    0.997323237    0.998762129    0.996494863
365-A-G    Nonsynonymous_mutation    0.990692898    1.000831961    0.996771353    1.00187118    0.997541848
365-A-T    Nonsynonymous_mutation    0.98917563    0.99374579    0.99250058    0.995161808    0.992645952
366-T-A    Nonsynonymous_mutation    0.98831547    0.99458815    0.994133626    1.00183189    0.994717284
366-T-C    Synonymous_mutation    0.989563952    0.994247773    0.997343563    0.997828901    0.994746047
366-T-G    Nonsynonymous_mutation    0.99175299    0.993008237    0.996090308    0.996031192    0.994220682
367-A-C    Nonsynonymous_mutation    0.988506254    0.991715098    0.991053157    0.992567952    0.990960615
367-A-G    Nonsynonymous_mutation    0.997140187    0.997379988    0.990729215    0.998866398    0.996028947
367-A-T    Nonsynonymous_mutation    0.999130251    1.000803314    0.994487776    0.995108564    0.997382476
368-T-A    Nonsynonymous_mutation    0.99439963    0.994050219    0.996811007    0.999837909    0.996274691
368-T-C    Nonsynonymous_mutation    0.996164383    0.992023798    1.00782949    1.009299726    1.001329349
368-T-G    Nonsynonymous_mutation    0.989130143    0.998414691    1.002708538    1.003099597    0.998338242
369-A-C    Synonymous_mutation    0.990750737    0.996274497    0.99357657    0.995131816    0.993933405
369-A-G    Nonsynonymous_mutation    0.992097767    0.993492504    0.996017352    1.000293275    0.995475225
369-A-T    Synonymous_mutation    0.991343956    0.987822677    0.992781556    0.995461165    0.991852339
370-C-A    Nonsynonymous_mutation    0.985940466    0.99634116    0.987558451    0.99850675    0.992086707
370-C-G    Nonsynonymous_mutation    0.988110397    0.990914026    0.994744237    0.997285786    0.992763612
370-C-T    Nonsynonymous_mutation    0.990153817    0.993690708    0.993870653    0.996953412    0.993667148
371-A-C    Nonsynonymous_mutation    0.990746711    0.995618659    0.996820244    0.995572343    0.994689489
371-A-G    Nonsynonymous_mutation    0.989222787    0.988158275    0.993145501    0.996656102    0.991795666
371-A-T    Nonsynonymous_mutation    0.985304665    0.98586647    0.974617738    0.983512495    0.982325342
372-T-A    Nonsynonymous_mutation    0.992082649    0.995954058    0.993987688    0.997426198    0.994862648
372-T-C    Synonymous_mutation    0.991141037    0.995707182    0.997261183    0.999411101    0.995880126
372-T-G    Nonsynonymous_mutation    0.992814359    0.99865623    0.991671587    0.996090424    0.99480815
373-G-A    Nonsynonymous_mutation    0.986933302    0.986448416    0.995214657    0.998576078    0.991793113
373-G-C    Nonsynonymous_mutation    0.995094479    0.991179726    0.992388306    0.995208504    0.993467754
373-G-T    Nonsynonymous_mutation    0.988612952    0.995822209    0.995487006    0.996051037    0.993993301
374-T-A    Nonsynonymous_mutation    0.994797191    0.994489145    1.001333095    0.999059018    0.997419612
374-T-C    Nonsynonymous_mutation    0.99260019    0.991421902    0.994762896    0.99869073    0.99436893
374-T-G    Nonsynonymous_mutation    0.987781493    0.993229057    0.992578277    0.995195366    0.992196048
375-C-A    Synonymous_mutation    0.985367451    0.993279821    0.994540752    0.995274515    0.992115635
375-C-G    Synonymous_mutation    0.993084244    0.994902028    0.992931856    0.990343959    0.992815522
375-C-T    Synonymous_mutation    0.999307395    0.997503095    0.988191184    0.991598425    0.994150025
376-C-A    Nonsynonymous_mutation    0.987237036    0.988466051    0.99694759    0.999872082    0.99313069
376-C-G    Nonsynonymous_mutation    0.993541446    0.992836718    0.994524429    0.997826555    0.994682287
376-C-T    Nonsynonymous_mutation    0.995679749    0.996670604    0.999517094    1.000705403    0.998143213
377-C-A    Nonsynonymous_mutation    0.990166052    0.993354875    0.99536649    0.999098932    0.994496587
377-C-G    Nonsynonymous_mutation    0.99293787    0.994242504    0.995445338    0.993718568    0.99408607
377-C-T    Nonsynonymous_mutation    0.988627585    0.991289723    0.994380537    0.998043769    0.993085404
378-A-C    Synonymous_mutation    0.994055884    0.990790971    0.991802221    0.998451515    0.993775148
378-A-G    Synonymous_mutation    0.991557394    1.001349037    0.996216108    1.002091715    0.997803564
378-A-T    Synonymous_mutation    0.995631057    0.996742537    0.991814072    0.994297709    0.994621344
379-C-A    Nonsynonymous_mutation    0.986238206    0.984629987    0.989453968    0.99481315    0.988783828
379-C-G    Nonsynonymous_mutation    0.98473332    0.987023986    0.992420622    0.995702903    0.989970208
380-A-C    Nonsynonymous_mutation    0.991011755    0.986528006    0.993451081    0.996605429    0.991899068
380-A-G    Nonsynonymous_mutation    0.992305397    0.990845304    0.985083921    0.990937305    0.989792982
380-A-T    Nonsynonymous_mutation    0.99604676    0.999954764    0.995502345    0.996788525    0.997073099
381-A-C    Nonsynonymous_mutation    0.991544756    0.996419137    0.9939863    0.996327401    0.994569399
381-A-G    Synonymous_mutation    0.995909647    1.001029171    0.995034752    0.997672297    0.997411467
381-A-T    Nonsynonymous_mutation    0.995987919    0.99411085    0.987206983    0.994592686    0.99297461
382-G-A    Nonsynonymous_mutation    0.994007198    0.998443195    0.994244288    0.995773906    0.995617147
382-G-C    Nonsynonymous_mutation    0.999684159    0.998150956    0.998496393    0.999951553    0.999070765
382-G-T    Nonsynonymous_mutation    0.992486954    0.990864258    0.995976764    0.999357285    0.994671315
383-A-C    Nonsynonymous_mutation    0.990566327    0.999382098    0.989661235    0.991926966    0.992884157
383-A-G    Nonsynonymous_mutation    0.997166666    0.998071261    0.998212822    1.000049621    0.998375093
383-A-T    Nonsynonymous_mutation    0.999203844    0.991701514    0.995356435    0.997768787    0.996007645
384-T-A    Nonsynonymous_mutation    0.986134974    0.99727879    0.997735734    0.998332621    0.99487053
384-T-C    Synonymous_mutation    0.996819038    0.998190882    0.998273858    0.99972404    0.998251955
384-T-G    Nonsynonymous_mutation    0.984271476    0.995634565    0.98913122    0.992384248    0.990355377
385-G-A    Nonsynonymous_mutation    0.992931225    0.998520447    0.991614405    0.994609499    0.994418894
385-G-C    Nonsynonymous_mutation    0.99545529    0.995769285    0.991140595    0.994075681    0.994110213
385-G-T    Nonsense_mutation    0.991893331    1.001571154    0.990655199    0.985262257    0.992345485
386-A-C    Nonsynonymous_mutation    0.99979212    1.000640093    0.996294322    0.998630118    0.998839163
386-A-G    Nonsynonymous_mutation    0.991416547    0.990738031    0.996487013    0.998586268    0.994306965
386-A-T    Nonsynonymous_mutation    0.999163095    0.993680785    0.99311112    0.995887401    0.9954606
387-A-C    Nonsynonymous_mutation    0.981619884    0.99573234    0.992751851    0.994697607    0.991200421
387-A-G    Synonymous_mutation    0.98626036    0.986898699    0.988006469    0.989377463    0.987635748
387-A-T    Nonsynonymous_mutation    0.999749815    0.997168533    1.000166508    1.005726358    1.000702804
388-T-A    Nonsynonymous_mutation    0.990509177    0.992274604    0.990566777    0.990087018    0.990859394
388-T-C    Nonsynonymous_mutation    0.993564962    0.995489276    0.997720115    1.000918437    0.996923198
388-T-G    Nonsynonymous_mutation    0.995439147    0.993623251    0.997923396    0.99859416    0.996394989
389-T-A    Nonsynonymous_mutation    0.997452133    0.999567006    0.997161327    1.000930198    0.998777666
389-T-C    Nonsynonymous_mutation    0.992111673    0.996398161    0.996209167    0.998961631    0.995920158
389-T-G    Nonsynonymous_mutation    0.999710137    0.999377432    0.995233465    0.993324564    0.9969114
390-T-A    Nonsynonymous_mutation    0.991871886    0.995852012    0.990498682    0.989345689    0.991892067
390-T-C    Synonymous_mutation    0.994752429    0.995256438    0.996825861    0.999891733    0.996681615
390-T-G    Nonsynonymous_mutation    0.995237761    0.998683432    0.998310574    1.000776331    0.998252025
391-T-A    Nonsynonymous_mutation    0.99431446    0.995373755    0.994862178    0.995813911    0.995091076
391-T-C    Synonymous_mutation    0.988085806    1.000712502    0.991107754    0.991070715    0.992744194
391-T-G    Nonsynonymous_mutation    0.996018894    0.993939318    1.001160933    1.002485028    0.998401043
392-T-A    Nonsense_mutation    0.984227642    0.970974281    0.983982239    0.989250566    0.982108682
392-T-C    Nonsynonymous_mutation    0.994247327    0.994014664    0.998179526    0.997027812    0.995867332
392-T-G    Nonsynonymous_mutation    0.994034689    0.995037011    0.99614948    0.999120674    0.996085464
393-G-A    Synonymous_mutation    0.994876276    0.996058471    0.994016214    0.996773844    0.995431201
393-G-C    Nonsynonymous_mutation    0.99114117    0.992134865    0.991361722    0.993540991    0.992044687
393-G-T    Nonsynonymous_mutation    0.993215249    0.986039515    0.998605134    1.000012067    0.994467991
394-G-A    Nonsynonymous_mutation    0.986609077    0.996112043    0.99731108    0.998804016    0.994709054
394-G-C    Nonsynonymous_mutation    0.997422677    0.995543946    0.992005757    0.992641601    0.994403495
394-G-T    Nonsense_mutation    0.976713755    0.963488375    0.979790548    0.985116418    0.976277274
395-A-C    Nonsynonymous_mutation    1.003366113    1.00483583    1.001862344    1.005693722    1.003939502
395-A-G    Nonsynonymous_mutation    0.994880417    1.005577052    0.997101721    0.998061687    0.998905219
395-A-T    Nonsynonymous_mutation    0.999287032    0.996856455    0.997067182    0.998316105    0.997881694
396-A-C    Nonsynonymous_mutation    0.990363636    0.996169259    0.990414203    0.99456462    0.99287793
396-A-G    Synonymous_mutation    0.990445709    0.991855805    0.996299027    0.996906207    0.993876687
396-A-T    Nonsynonymous_mutation    0.998011481    0.998335403    0.991163283    0.993573265    0.995270858
397-C-A    Nonsynonymous_mutation    0.995964409    0.990757759    0.995682747    1.001523933    0.995982212
397-C-G    Nonsynonymous_mutation    0.993185612    0.997261257    0.998214019    0.999428871    0.99702244
398-A-C    Nonsynonymous_mutation    0.990568036    0.990797449    0.993155157    0.996311382    0.992708006
398-A-G    Nonsynonymous_mutation    0.995724643    0.99721733    0.99680799    0.999857717    0.99740192
398-A-T    Nonsynonymous_mutation    0.984875893    0.995364684    0.99154808    0.998057682    0.992461585
399-G-A    Synonymous_mutation    0.997786109    0.999575033    0.998052438    1.002036383    0.999362491
399-G-C    Nonsynonymous_mutation    0.984188279    0.997320523    0.998133447    1.000528145    0.995042599
399-G-T    Nonsynonymous_mutation    0.985519935    0.987601803    1.001233295    1.001254942    0.993902494
400-C-A    Synonymous_mutation    0.994764733    0.998597747    0.999286083    0.999198872    0.997961859
400-C-G    Nonsynonymous_mutation    0.992937744    0.995486771    0.993989852    0.993667605    0.994020493
401-G-A    Nonsynonymous_mutation    0.998315707    0.9966129    0.997432387    0.998225763    0.997646689
401-G-C    Nonsynonymous_mutation    0.986169316    0.98136652    0.990851147    0.995213631    0.988400154
401-G-T    Nonsynonymous_mutation    0.991923505    0.993106014    1.000356832    1.004686094    0.997518111
402-A-C    Synonymous_mutation    0.992655973    0.996881039    0.996349641    0.996046183    0.995483209
402-A-G    Synonymous_mutation    0.99152323    0.994044146    0.995881131    1.000825223    0.995568433
402-A-T    Synonymous_mutation    0.993773238    0.997457132    0.991332693    0.992712854    0.993818979
403-A-C    Synonymous_mutation    0.994780427    0.986487552    0.991278796    0.994556304    0.99177577
403-A-G    Nonsynonymous_mutation    0.986988775    0.99870786    0.997260773    0.998339233    0.99532416
403-A-T    Nonsynonymous_mutation    0.993658376    1.000803988    0.999940882    1.003976987    0.999595058
404-G-A    Nonsynonymous_mutation    0.984470702    0.969502798    1.0046637    0.999543508    0.989545177
404-G-C    Nonsynonymous_mutation    0.993482857    0.995865258    0.996150863    0.995311389    0.995202592
404-G-T    Nonsynonymous_mutation    0.991936224    0.998004772    0.998260645    1.000431521    0.997158291
405-G-A    Synonymous_mutation    0.996125116    0.996980068    0.995135018    0.995991701    0.996057976
405-G-C    Nonsynonymous_mutation    0.989614613    0.99547491    0.991948464    0.996962124    0.993500028
405-G-T    Nonsynonymous_mutation    0.990966259    0.991436734    0.997349209    0.994867077    0.99365482
406-C-A    Nonsynonymous_mutation    1.000812753    0.984290284    0.990176783    0.990638914    0.991479684
406-C-G    Nonsynonymous_mutation    0.998854721    0.991160365    1.003401875    1.0033058    0.99918069
406-C-T    Nonsynonymous_mutation    0.990605065    0.996557989    0.995126598    0.995075874    0.994341382
407-A-C    Nonsynonymous_mutation    0.982093116    0.988201041    0.991304346    0.997424159    0.989755666
407-A-G    Nonsynonymous_mutation    0.988837948    0.996104158    0.993949741    0.995344648    0.993559124
407-A-T    Nonsynonymous_mutation    0.99292908    0.997018366    0.993504715    0.994847198    0.99457484
408-T-A    Nonsynonymous_mutation    0.993328058    0.994119189    0.993069416    0.995172116    0.993922195
408-T-C    Synonymous_mutation    0.993030557    0.996398238    0.991744076    0.996960735    0.994533402
408-T-G    Nonsynonymous_mutation    0.989889254    0.991660908    0.996287549    0.99702635    0.993716015
409-A-C    Synonymous_mutation    0.98664894    0.990086654    0.992169862    0.992126261    0.990257929
409-A-G    Nonsynonymous_mutation    0.997690512    0.992262219    0.99315081    0.992457085    0.993890157
410-G-A    Nonsynonymous_mutation    0.992074765    0.996847679    0.999289671    1.001672978    0.997471273
410-G-C    Nonsynonymous_mutation    0.995580112    0.997394198    1.001609084    1.004039878    0.999655818
410-G-T    Nonsynonymous_mutation    0.989743342    0.99304821    0.999313652    0.998445824    0.995137757
411-A-C    Nonsynonymous_mutation    0.99427929    0.991406757    0.99471045    0.996961523    0.994339505
411-A-G    Synonymous_mutation    0.987366446    0.992528157    0.987231749    0.991829218    0.989738893
411-A-T    Nonsynonymous_mutation    1.000117049    0.995126795    0.997400578    0.999418252    0.998015669
412-A-C    Nonsynonymous_mutation    1.002801443    0.995938449    1.002211201    1.001522942    1.000618509
412-A-G    Nonsynonymous_mutation    0.995552698    0.9942752    0.995140472    0.99883303    0.99595035
412-A-T    Nonsynonymous_mutation    0.996657086    0.992361688    0.995662033    0.997188463    0.995467318
413-T-A    Nonsynonymous_mutation    0.983872051    1.006572671    0.994487655    1.003583273    0.997128913
413-T-C    Nonsynonymous_mutation    0.994881094    0.988179737    0.997283442    0.997713314    0.994514397
413-T-G    Nonsynonymous_mutation    0.990716815    0.995728414    0.994790606    0.999157164    0.99509825
414-C-A    Synonymous_mutation    0.991258916    0.991038253    0.99134897    0.997600301    0.99281161
414-C-G    Nonsynonymous_mutation    0.994507174    0.99499517    0.99841826    0.999092848    0.996753363
414-C-T    Synonymous_mutation    0.994682557    0.995843101    0.995099939    0.996731465    0.995589266
415-G-A    Nonsynonymous_mutation    0.99209613    0.995173261    0.999152044    0.999134208    0.996388911
415-G-C    Nonsynonymous_mutation    0.995789781    0.992851601    0.991506596    0.992296063    0.99311101
416-A-C    Nonsynonymous_mutation    0.993965963    0.99646227    0.989179465    0.994471671    0.993519842
416-A-G    Nonsynonymous_mutation    0.987723598    0.992965361    0.984260026    0.986855871    0.987951214
416-A-T    Nonsynonymous_mutation    0.998008236    0.989884074    0.998160107    1.001036206    0.996772156
417-G-A    Synonymous_mutation    0.988329891    0.991371261    0.994722649    0.997714417    0.993034555
417-G-C    Nonsynonymous_mutation    0.988400523    0.991396612    0.988131839    0.991638536    0.989891878
417-G-T    Nonsynonymous_mutation    0.995824186    0.998158836    1.000190182    1.005046692    0.999804974
418-T-A    Nonsynonymous_mutation    0.989954414    0.995471739    0.991946734    0.991190065    0.992140738
418-T-C    Nonsynonymous_mutation    0.993842952    0.997743008    1.000097109    1.002430945    0.998528504
418-T-G    Nonsynonymous_mutation    0.990467088    0.992825962    0.988984818    0.992244728    0.991130649
419-C-A    Nonsynonymous_mutation    0.993115472    0.996745106    0.998693663    1.00245188    0.99775153
419-C-G    Nonsynonymous_mutation    0.999326481    1.002393877    0.997636944    1.001026826    1.000096032
419-C-T    Nonsynonymous_mutation    0.995127626    0.996947139    0.992556945    1.002280501    0.996728053
420-C-A    Synonymous_mutation    0.994727728    1.00093087    0.993622467    0.996242671    0.996380934
420-C-G    Synonymous_mutation    0.993803044    0.994774398    1.000089543    1.000316866    0.997245963
420-C-T    Synonymous_mutation    0.992772727    0.995970433    0.995600288    0.9983976    0.995685262
421-T-A    Nonsynonymous_mutation    0.992263505    0.992487422    0.988292748    0.991927918    0.991242898
421-T-C    Nonsynonymous_mutation    0.995764548    0.998628255    0.996187799    0.998367255    0.997236964
421-T-G    Nonsynonymous_mutation    0.990125419    0.99136858    0.995462027    0.99232427    0.992320074
422-T-A    Nonsynonymous_mutation    0.994648832    0.994896577    0.996688242    1.00086799    0.99677541
422-T-C    Nonsynonymous_mutation    0.987696152    0.998911149    0.988030632    0.993668429    0.992076591
422-T-G    Nonsynonymous_mutation    0.997857034    0.989929655    0.994968571    0.995354275    0.994527384
423-C-A    Nonsynonymous_mutation    0.996608994    0.995991701    0.994078776    0.999344222    0.996505923
423-C-G    Nonsynonymous_mutation    0.993793235    0.993724327    0.995796805    0.998438944    0.995438328
423-C-T    Synonymous_mutation    0.990336764    0.998764236    0.999661678    0.999989964    0.997188161
424-C-A    Synonymous_mutation    0.993006222    0.995507118    0.996835132    1.002028239    0.996844178
424-C-G    Nonsynonymous_mutation    0.987583706    0.99422434    0.997541056    1.002872158    0.995555315
424-C-T    Nonsynonymous_mutation    0.991936008    0.998501536    0.997759131    1.001219301    0.997353994
425-G-A    Nonsynonymous_mutation    0.991200268    0.990266229    0.992673602    0.998547465    0.993171891
425-G-C    Nonsynonymous_mutation    0.991338017    0.994843053    0.995530072    0.997100337    0.99470287
425-G-T    Nonsynonymous_mutation    0.996357968    1.000118768    0.997907165    1.001651912    0.999008953
426-G-A    Synonymous_mutation    0.999146041    0.992572159    0.991459539    0.995755965    0.994733426
426-G-C    Synonymous_mutation    0.995001955    0.994614393    0.991550091    0.995584875    0.994187829
426-G-T    Synonymous_mutation    0.994363494    0.998893832    0.999785738    1.001180622    0.998555922
427-G-A    Nonsynonymous_mutation    0.993908521    0.993515267    0.999313301    1.002565036    0.997325531
427-G-C    Nonsynonymous_mutation    0.995616359    0.993959262    0.996205984    0.999730816    0.996378105
428-A-C    Nonsynonymous_mutation    0.990342646    0.990095267    0.989309925    0.993039322    0.99069679
428-A-G    Nonsynonymous_mutation    0.992125013    0.998747418    0.993196009    0.998727734    0.995699044
428-A-T    Nonsynonymous_mutation    0.985656778    0.992096389    0.988517882    0.994979928    0.990312744
429-G-A    Synonymous_mutation    0.987324184    0.993503929    0.992309164    0.996748544    0.992471455
429-G-C    Nonsynonymous_mutation    0.99169999    0.993594325    0.99457707    0.997480232    0.994337904
429-G-T    Nonsynonymous_mutation    0.992954014    0.994019885    0.995467157    0.998893156    0.995333553
430-A-C    Synonymous_mutation    0.99620422    0.997710703    0.995814454    1.001849576    0.997894738
430-A-G    Nonsynonymous_mutation    0.989026172    0.991245862    0.993956852    0.996641821    0.992717677
430-A-T    Nonsynonymous_mutation    0.994327725    0.997284819    0.999332946    1.000022751    0.99774206
431-G-A    Nonsynonymous_mutation    0.989953911    0.998541251    0.997419526    1.002949719    0.997216102
431-G-C    Nonsynonymous_mutation    0.999860036    0.996264734    0.993781821    0.997363618    0.996817552
431-G-T    Nonsynonymous_mutation    0.991786151    0.996206598    0.994468408    0.997022115    0.994870818
432-G-A    Synonymous_mutation    0.991946561    0.99138462    0.994241937    0.997143661    0.993679195
432-G-C    Nonsynonymous_mutation    0.987265336    0.991638318    0.990022605    0.995499998    0.991106564
432-G-T    Nonsynonymous_mutation    0.987500582    0.990589341    0.995272665    0.996338561    0.992425287
433-C-A    Nonsynonymous_mutation    0.996082688    0.991926187    0.994735644    0.997127481    0.994968
433-C-G    Nonsynonymous_mutation    1.003551126    0.991912685    1.005946969    0.998877502    1.000072071
433-C-T    Nonsynonymous_mutation    0.989201483    0.998709541    0.990642279    0.991762207    0.992578878
434-C-A    Nonsynonymous_mutation    0.988760096    0.991249479    0.995852438    0.994119921    0.992495484
434-C-G    Nonsynonymous_mutation    0.992156839    0.99538247    0.993934862    0.997023876    0.994624512
434-C-T    Nonsynonymous_mutation    0.99619789    0.998789322    1.000443102    1.002139492    0.999392452
435-G-A    Synonymous_mutation    0.989803902    0.990764511    0.990073069    0.990131929    0.990193353
435-G-C    Synonymous_mutation    0.999253949    0.998114548    0.99539707    0.997232165    0.997499433
435-G-T    Synonymous_mutation    0.991087556    0.997298956    0.996796335    1.000765532    0.996487095
436-C-A    Nonsynonymous_mutation    0.997309258    1.00269479    0.997541795    0.995276326    0.998205542
436-C-G    Nonsynonymous_mutation    0.988694069    0.99400275    0.989596271    0.992422627    0.991178929
436-C-T    Synonymous_mutation    0.983780653    1.000517611    1.003546755    1.00292113    0.997691537
437-T-A    Nonsynonymous_mutation    0.994729767    0.995393224    0.988147636    0.991787107    0.992514434
437-T-C    Nonsynonymous_mutation    0.99696509    0.996147252    0.99422065    0.994541918    0.995468728
437-T-G    Nonsynonymous_mutation    0.994020823    0.996331682    0.997869958    1.003200325    0.997855697
438-A-C    Synonymous_mutation    0.99257594    0.992601378    0.992624804    0.997231941    0.993758516
438-A-G    Synonymous_mutation    0.994438027    0.99804071    0.999661922    1.003315859    0.99886413
438-A-T    Synonymous_mutation    0.987119842    0.995715389    0.985147521    0.994987946    0.990742675
439-G-A    Nonsynonymous_mutation    0.999050521    0.994713771    0.992237094    0.992980905    0.994745573
439-G-C    Nonsynonymous_mutation    0.992734557    0.992240739    0.997565837    0.995852941    0.994598519
440-A-C    Nonsynonymous_mutation    0.990067187    0.989722442    0.997456577    0.996456405    0.993425653
440-A-G    Nonsynonymous_mutation    0.989165106    0.99368585    0.993201227    0.99759842    0.993412651
440-A-T    Nonsynonymous_mutation    0.992244085    0.990411764    0.991536007    0.993451039    0.991910724
441-G-A    Synonymous_mutation    0.997227133    0.992584563    0.995347831    1.00110715    0.996566669
441-G-C    Nonsynonymous_mutation    0.992146306    0.995263489    0.995773285    0.99744428    0.99515684
441-G-T    Nonsynonymous_mutation    0.999443724    1.004458485    0.99878365    1.000899276    1.000896284
442-C-A    Nonsynonymous_mutation    0.99179588    0.994490071    0.999720843    1.003124253    0.997282762
442-C-G    Nonsynonymous_mutation    0.992954813    0.998333561    0.991642637    0.997425939    0.995089238
442-C-T    Nonsynonymous_mutation    0.999130251    0.999189984    0.99633795    0.996612748    0.997817733
443-C-A    Nonsynonymous_mutation    0.991051605    0.985978378    0.996579895    0.994099863    0.991927435
443-C-G    Nonsynonymous_mutation    0.986500521    0.997093267    0.99100616    0.9944031    0.992250762
443-C-T    Nonsynonymous_mutation    0.990417183    0.989226103    0.992938332    0.996706816    0.992322109
444-T-A    Synonymous_mutation    0.998943841    0.995643879    1.00656693    1.00428086    1.001358878
444-T-C    Synonymous_mutation    0.990271217    0.992358953    0.993174545    0.996200154    0.993001217
444-T-G    Synonymous_mutation    0.988395646    0.991898181    0.992620986    0.993909012    0.991705956
445-C-A    Nonsynonymous_mutation    0.994586665    1.000577717    0.995036179    1.001425328    0.997906472
445-C-G    Nonsynonymous_mutation    0.993184568    0.992302443    0.994415405    0.994695926    0.993649586
445-C-T    Nonsynonymous_mutation    0.992574113    0.991251199    0.993379138    0.994381021    0.992896368
446-C-A    Nonsynonymous_mutation    0.992676906    0.990060939    0.993267283    0.994972741    0.992744467
446-C-G    Nonsynonymous_mutation    0.988492763    0.990921461    0.990741387    0.993885027    0.99101016
446-C-T    Nonsynonymous_mutation    0.991121035    0.993060784    0.990480928    0.992068    0.991682687
447-A-C    Synonymous_mutation    0.994284594    0.995944284    0.996669658    0.998422369    0.996330226
447-A-G    Synonymous_mutation    1.002584289    1.00289538    1.002334488    1.002286324    1.00252512
447-A-T    Synonymous_mutation    0.990257204    0.99372445    0.992661313    0.998927961    0.993892732
448-A-C    Synonymous_mutation    0.996869031    0.995597752    0.99072644    0.995223372    0.994604149
448-A-G    Nonsynonymous_mutation    0.994932294    0.994374884    0.99119192    0.994046877    0.993636494
449-G-A    Nonsynonymous_mutation    0.991698031    0.996820207    0.991363041    0.996521397    0.994100669
449-G-C    Nonsynonymous_mutation    0.994853095    0.996505921    0.997625962    0.996703752    0.996422183
449-G-T    Nonsynonymous_mutation    0.991492012    0.999590523    0.99100838    0.991314869    0.993351446
450-A-C    Nonsynonymous_mutation    0.990700962    0.989641855    0.997218896    1.000635012    0.994549181
450-A-G    Synonymous_mutation    0.994335246    0.993354958    0.990400292    0.993977889    0.993017096
450-A-T    Nonsynonymous_mutation    0.993029928    0.996719899    0.993241984    0.996475671    0.994866871
451-A-C    Nonsynonymous_mutation    0.98774065    0.996850541    0.996452215    1.001727889    0.995692824
451-A-G    Nonsynonymous_mutation    0.991455111    0.991158463    0.990351424    0.992782612    0.991436903
452-A-C    Nonsynonymous_mutation    0.991190109    0.996076838    0.991732461    0.994820967    0.993455094
452-A-G    Nonsynonymous_mutation    0.996700235    0.995508409    0.994754427    0.996958181    0.995980313
452-A-T    Nonsynonymous_mutation    0.995825853    0.994755585    0.994843133    0.998967666    0.996098059
453-G-A    Synonymous_mutation    0.994402293    0.99725839    0.992571437    0.995859604    0.995022931
453-G-C    Nonsynonymous_mutation    0.985923905    0.99421416    0.995121339    0.997030623    0.993072507
453-G-T    Nonsynonymous_mutation    0.98551786    0.999592302    0.993801977    0.993814164    0.993181576
