Genotype    Mutation_type    Fitness_from_YPD_replicate_1    Fitness_from_YPD_replicate_2    Fitness_from_YPD_replicate_3    Fitness_from_YPD_replicate_4    YPD_fitness
100-A-C    Nonsynonymous_mutation    1.002429657    0.984619238    0.985957992    0.97268345    0.986422584
100-A-G    Nonsynonymous_mutation    0.964220714    0.97067342    0.970413445    0.963670204    0.967244446
100-A-T    Nonsynonymous_mutation    0.980211145    0.98526743    0.983806425    0.98279992    0.98302123
101-T-A    Nonsynonymous_mutation    0.979867785    0.978612627    0.981439197    0.984531046    0.981112664
101-T-C    Nonsynonymous_mutation    0.977399047    0.973338479    0.98314539    0.980684964    0.97864197
101-T-G    Nonsynonymous_mutation    0.978221839    0.980765898    0.984634137    0.979069057    0.980672733
102-G-A    Nonsynonymous_mutation    0.976933103    0.977641887    0.982044813    0.975872285    0.978123022
102-G-C    Nonsynonymous_mutation    0.980396041    0.979087383    0.98604248    0.982011982    0.981884472
102-G-T    Nonsynonymous_mutation    0.982533738    0.974559606    0.979831323    0.980761205    0.979421468
103-G-A    Nonsynonymous_mutation    0.979308528    0.976861845    0.985541457    0.980512243    0.980556018
103-G-C    Nonsynonymous_mutation    0.981290065    0.979752599    0.987119495    0.983420706    0.982895716
103-G-T    Nonsynonymous_mutation    0.981083069    0.975528269    0.98465775    0.982359242    0.980907083
104-T-A    Nonsynonymous_mutation    0.968805294    0.968057685    0.968312794    0.969923267    0.96877476
104-T-C    Nonsynonymous_mutation    0.97113251    0.97756256    0.981352855    0.980974417    0.977755586
104-T-G    Nonsynonymous_mutation    0.975824422    0.982387554    0.997890231    0.985988464    0.985522668
105-A-C    Synonymous_mutation    0.972298282    0.957665837    0.96487076    0.966475511    0.965327598
105-A-G    Synonymous_mutation    0.982750448    0.982628886    0.988508399    0.985222205    0.984777485
105-A-T    Synonymous_mutation    0.978452064    0.981717425    0.988832848    0.985971874    0.983743553
106-T-G    Nonsynonymous_mutation    0.942203045    0.92416371    0.936135406    0.950290397    0.93819814
107-G-C    Nonsynonymous_mutation    0.947845453    0.929613538    0.933729857    0.950527768    0.940429154
107-G-T    Nonsynonymous_mutation    0.936094678    0.928670591    0.940337902    0.933033308    0.93453412
108-G-C    Nonsynonymous_mutation    0.941976378    0.942324452    0.947345185    0.952631816    0.946069458
108-G-T    Nonsynonymous_mutation    0.961720752    0.954128393    0.959575759    0.960052442    0.958869337
109-A-C    Nonsynonymous_mutation    0.982960361    0.990293653    0.989422402    0.980698178    0.985843649
109-A-G    Nonsynonymous_mutation    0.985368806    0.979095608    0.984553714    0.986484221    0.983875587
109-A-T    Nonsynonymous_mutation    0.972702616    0.980481776    0.981472918    0.981882134    0.979134861
110-A-C    Nonsynonymous_mutation    0.980684785    0.992227185    1.002399359    0.99321963    0.99213274
110-A-G    Nonsynonymous_mutation    0.977672594    0.978876619    0.986371025    0.974463902    0.979346035
110-A-T    Nonsynonymous_mutation    0.977473003    0.978722241    0.981323462    0.977933517    0.978863056
111-C-A    Nonsynonymous_mutation    0.949669916    0.91403335    0.931007023    0.928862534    0.930893206
111-C-G    Nonsynonymous_mutation    0.927936055    0.893114725    0.956880272    0.895003164    0.918233554
111-C-T    Synonymous_mutation    0.978305802    0.978341025    0.98254983    0.978190332    0.979346747
112-G-A    Nonsynonymous_mutation    0.98436772    0.979289884    0.986392944    0.986475891    0.98413161
112-G-T    Nonsynonymous_mutation    0.973878872    0.971872248    0.977598409    0.975087932    0.974609365
113-C-G    Nonsynonymous_mutation    0.991046549    0.989634839    0.977183341    0.984652008    0.985629184
113-C-T    Nonsynonymous_mutation    0.964149193    0.963685556    0.979883626    0.971829601    0.969886994
114-C-A    Synonymous_mutation    0.972121403    0.97026161    0.977919087    0.971061333    0.972840858
114-C-G    Synonymous_mutation    0.980967449    0.978101155    0.985588967    0.982604658    0.981815557
114-C-T    Synonymous_mutation    0.976273782    0.976647928    0.982817403    0.978680719    0.978604958
115-A-C    Nonsynonymous_mutation    0.977622982    0.979539543    0.986790182    0.980629969    0.981145669
115-A-G    Nonsynonymous_mutation    0.974537675    0.974787537    0.987759495    0.981950765    0.979758868
115-A-T    Nonsynonymous_mutation    0.971901288    0.97110368    0.979466509    0.971997278    0.973617189
116-T-A    Nonsynonymous_mutation    0.90375541    0.849019382    0.855743175    0.733364222    0.835470547
116-T-C    Nonsynonymous_mutation    0.962379767    0.966049038    0.977097687    0.964348449    0.967468735
116-T-G    Nonsynonymous_mutation    0.904000165    0.922271786    0.946148669    0.918913204    0.922833456
117-G-A    Nonsynonymous_mutation    0.97158877    0.972354195    0.978782515    0.972509355    0.973808709
117-G-C    Nonsynonymous_mutation    0.972359108    0.977191566    0.985686375    0.976699946    0.977984249
117-G-T    Nonsynonymous_mutation    0.976816054    0.981253122    0.988019132    0.987842983    0.983482823
118-A-C    Nonsynonymous_mutation    0.981617682    0.979505508    0.986143996    0.979541634    0.981702205
118-A-G    Nonsynonymous_mutation    1.005203583    1.010683154    1.015158507    1.012715794    1.01094026
118-A-T    Nonsynonymous_mutation    0.920689138    0.910453165    0.915033288    0.921474113    0.916912426
119-T-A    Nonsynonymous_mutation    0.938665321    0.933704683    0.922268961    0.928813221    0.930863047
119-T-C    Nonsynonymous_mutation    0.980259088    0.977898075    0.988142002    0.983845837    0.982536251
119-T-G    Nonsynonymous_mutation    0.954696738    0.955021895    0.968656487    0.964418131    0.960698313
120-T-A    Synonymous_mutation    0.977213271    0.9816342    0.979367615    0.983749843    0.980491232
120-T-C    Synonymous_mutation    0.979962542    0.97462043    0.981216902    0.97300457    0.977201111
120-T-G    Nonsynonymous_mutation    0.978527372    0.979247666    0.985666647    0.978219028    0.980415178
121-A-C    Nonsynonymous_mutation    0.968004671    0.964245286    0.969835174    0.969764376    0.967962377
121-A-G    Nonsynonymous_mutation    0.951506106    0.948038653    0.949653368    0.9589459    0.952036007
121-A-T    Nonsynonymous_mutation    0.976150496    0.973262778    0.981465291    0.978064856    0.977235855
122-T-A    Nonsynonymous_mutation    0.889632072    0.898173894    0.919729051    0.903736106    0.902817781
122-T-C    Nonsynonymous_mutation    0.969691066    0.967887306    0.975544965    0.974650943    0.97194357
122-T-G    Nonsynonymous_mutation    0.923817363    0.909243211    0.936579094    0.9344216    0.926015317
123-C-A    Synonymous_mutation    0.978492084    0.978773588    0.983887433    0.982116556    0.980817415
123-C-G    Nonsynonymous_mutation    0.974152737    0.975683187    0.981273794    0.971003925    0.975528411
123-C-T    Synonymous_mutation    0.977936995    0.981542121    0.986060671    0.991180565    0.984180088
125-G-A    Nonsynonymous_mutation    0.893317177    0.877703984    0.891324703    0.90450213    0.891711999
125-G-C    Nonsynonymous_mutation    0.968026777    0.968736216    0.971937038    0.973260936    0.970490242
125-G-T    Nonsynonymous_mutation    0.896399577    0.902994534    0.918740796    0.900957343    0.904773063
126-G-A    Synonymous_mutation    0.98084552    0.97511322    0.984356997    0.983550372    0.980966527
126-G-T    Synonymous_mutation    0.983460388    0.986344836    0.992637275    0.99353727    0.988994942
127-C-A    Nonsynonymous_mutation    0.966908636    0.965391281    0.969977958    0.96648205    0.967189981
127-C-G    Nonsynonymous_mutation    0.963106794    0.968501377    0.969496396    0.963109857    0.966053606
127-C-T    Nonsynonymous_mutation    0.971896692    0.96475013    0.978465832    0.970777452    0.971472527
128-C-A    Nonsynonymous_mutation    0.937607053    0.931391455    0.946514968    0.94513917    0.940163162
128-C-T    Nonsynonymous_mutation    0.888499853    0.89503672    0.920746482    0.91727841    0.905390366
129-A-C    Synonymous_mutation    0.980877744    0.977672269    0.979230045    0.979715955    0.979374003
129-A-G    Synonymous_mutation    0.98914929    0.979848461    0.98048483    0.980985338    0.98261698
129-A-T    Synonymous_mutation    0.978228162    0.97558157    0.979399252    0.97788234    0.977772831
130-G-A    Nonsynonymous_mutation    0.983943685    0.983423239    0.984584787    0.981061165    0.983253219
130-G-C    Nonsynonymous_mutation    0.983260423    0.982529389    0.985552187    0.972875674    0.981054418
130-G-T    Nonsynonymous_mutation    0.974489434    0.978932308    0.987171509    0.979272532    0.979966446
131-C-A    Nonsynonymous_mutation    0.973875255    0.972817611    0.982697085    0.975019448    0.97610235
131-C-G    Nonsynonymous_mutation    0.978045858    0.980588204    0.98353808    0.981063521    0.980808916
131-C-T    Nonsynonymous_mutation    0.981505385    0.980108829    0.985496687    0.980676926    0.981946957
132-C-A    Synonymous_mutation    0.977837159    0.977272002    0.985360782    0.983239672    0.980927404
132-C-G    Synonymous_mutation    0.977887306    0.977482661    0.988247356    0.974457    0.979518581
132-C-T    Synonymous_mutation    0.976548284    0.978291588    0.9837776    0.982946689    0.98039104
133-G-A    Nonsynonymous_mutation    0.986022898    0.979755533    0.991168455    0.98680649    0.985938344
133-G-C    Nonsynonymous_mutation    0.977224052    0.978386767    0.983340159    0.979519052    0.979617508
133-G-T    Nonsynonymous_mutation    0.977975808    0.977484553    0.984579033    0.980600262    0.980159914
134-A-C    Nonsynonymous_mutation    0.974443263    0.978152013    0.978993783    0.981944448    0.978383377
134-A-G    Nonsynonymous_mutation    0.974519566    0.973661203    0.98286264    0.980733571    0.977944245
134-A-T    Nonsynonymous_mutation    0.969158829    0.972297676    0.97660306    0.976846566    0.973726533
135-T-A    Nonsynonymous_mutation    0.969797108    0.962050566    0.974233905    0.971341275    0.969355714
135-T-C    Synonymous_mutation    0.982029977    0.980240401    0.986004585    0.983290946    0.982891477
135-T-G    Nonsynonymous_mutation    0.982384831    0.976597573    0.986876044    0.98151056    0.981842252
136-A-C    Nonsynonymous_mutation    0.91949525    0.907675259    0.920783601    0.923100735    0.917763711
136-A-G    Nonsynonymous_mutation    0.969627905    0.970661833    0.97728808    0.971874394    0.972363053
136-A-T    Nonsynonymous_mutation    0.974981896    0.972603981    0.980656137    0.979843156    0.977021293
137-C-A    Nonsynonymous_mutation    0.954101415    0.948411296    0.960374219    0.953082361    0.953992323
137-C-G    Nonsynonymous_mutation    0.974848246    0.973882852    0.972842145    0.976862576    0.974608955
137-C-T    Nonsynonymous_mutation    0.970696504    0.970565334    0.984015174    0.972617488    0.974473625
138-T-A    Synonymous_mutation    0.988085082    0.977088186    0.988022321    0.991998028    0.986298404
138-T-C    Synonymous_mutation    0.975444326    0.985009732    0.986549425    0.984622272    0.982906439
138-T-G    Synonymous_mutation    0.979532345    0.981144174    0.983481174    0.982304712    0.981615601
139-C-A    Nonsynonymous_mutation    0.982028889    0.981857442    0.984555847    0.980962724    0.982351226
139-C-G    Nonsynonymous_mutation    0.975668414    0.978188031    0.982583628    0.978043161    0.978620809
139-C-T    Nonsynonymous_mutation    0.971523248    0.967429509    0.977413955    0.973148067    0.972378695
140-C-A    Nonsynonymous_mutation    0.97472764    0.968265955    0.975524543    0.96933256    0.971962675
140-C-G    Nonsynonymous_mutation    0.972915494    0.970926104    0.977171889    0.976081762    0.974273812
140-C-T    Nonsynonymous_mutation    0.975955818    0.979051782    0.980940626    0.980135086    0.979020828
141-A-C    Synonymous_mutation    0.970595648    0.965098453    0.971473502    0.964409191    0.967894199
141-A-G    Synonymous_mutation    0.975278402    0.980864893    0.984059382    0.981921696    0.980531093
141-A-T    Synonymous_mutation    0.976780856    0.981578355    0.987663949    0.982589775    0.982153234
142-T-A    Nonsynonymous_mutation    0.966468701    0.965114487    0.969387945    0.965332247    0.966575845
142-T-C    Nonsynonymous_mutation    0.973978001    0.97357146    0.981774953    0.977403952    0.976682092
142-T-G    Nonsynonymous_mutation    0.924587414    0.919061747    0.921907688    0.921598827    0.921788919
143-A-C    Nonsynonymous_mutation    0.978119291    0.97886922    0.986340477    0.980492254    0.980955311
143-A-G    Nonsynonymous_mutation    0.984956057    0.976570057    0.985111485    0.981172544    0.981952536
143-A-T    Nonsynonymous_mutation    0.981937785    0.980662095    0.98851812    0.983516723    0.983658681
144-T-C    Synonymous_mutation    0.978721234    0.976971988    0.981498056    0.978432577    0.978905964
145-G-A    Nonsynonymous_mutation    0.910053496    0.87590359    0.918620326    0.909850443    0.903606964
145-G-C    Nonsynonymous_mutation    0.964355976    0.968622574    0.972414848    0.970257996    0.968912849
146-A-C    Nonsynonymous_mutation    0.958474041    0.962443377    0.965217872    0.957851612    0.960996726
146-A-G    Nonsynonymous_mutation    0.958922026    0.956404057    0.965889758    0.954465984    0.958920456
146-A-T    Nonsynonymous_mutation    0.970758222    0.968810988    0.972835733    0.958655379    0.967765081
147-A-C    Nonsynonymous_mutation    0.924029767    0.935579116    0.930793483    0.935599359    0.931500431
147-A-G    Synonymous_mutation    0.981344092    0.97943666    0.985904206    0.977658704    0.981085916
147-A-T    Nonsynonymous_mutation    0.938541741    0.917641168    0.881230113    0.913843335    0.912814089
148-G-A    Nonsynonymous_mutation    0.869010937    0.896580111    0.913229693    0.877255367    0.889019027
148-G-C    Nonsynonymous_mutation    0.98668825    0.950042873    0.908060423    0.915596289    0.940096959
148-G-T    Nonsynonymous_mutation    0.955308772    0.951146221    0.960230792    0.95195652    0.954660576
149-A-C    Nonsynonymous_mutation    0.913948005    0.910617361    0.918372064    0.934616832    0.919388566
149-A-G    Nonsynonymous_mutation    0.893075733    0.904440936    0.8822877    0.914242025    0.898511599
150-C-A    Nonsynonymous_mutation    0.924923057    0.909498784    0.915278408    0.925152858    0.918713277
150-C-G    Nonsynonymous_mutation    0.914851962    0.90140952    0.917437685    0.912321013    0.911505045
150-C-T    Synonymous_mutation    0.980640284    0.979990002    0.984064627    0.982558974    0.981813472
151-G-C    Nonsynonymous_mutation    0.920019507    0.913920536    0.927118935    0.915852914    0.919227973
152-G-C    Nonsynonymous_mutation    0.975972514    0.973489168    0.982415785    0.98047998    0.978089362
152-G-T    Nonsynonymous_mutation    0.902200218    0.977266963    0.899904607    0.849146201    0.907129497
153-A-C    Synonymous_mutation    0.979434933    0.982043496    0.987776579    0.980034488    0.982322374
153-A-G    Synonymous_mutation    0.978162125    0.977176892    0.984811852    0.977221423    0.979343073
153-A-T    Synonymous_mutation    0.980921058    0.978494112    0.988825811    0.978567116    0.981702024
154-A-G    Nonsynonymous_mutation    0.920706951    0.901904843    0.90022116    0.931735059    0.913642003
154-A-T    Nonsynonymous_mutation    0.96907043    0.958631076    0.96519231    0.96099783    0.963472912
155-C-A    Nonsynonymous_mutation    0.880998344    0.893077041    0.903260419    0.901179843    0.894628912
155-C-G    Nonsynonymous_mutation    0.9693718    0.966926326    0.970520092    0.958851197    0.966417354
155-C-T    Nonsynonymous_mutation    0.946756607    0.940221877    0.956151216    0.950468903    0.948399651
156-T-A    Synonymous_mutation    0.977303167    0.976343149    0.986144913    0.980373943    0.980041293
156-T-C    Synonymous_mutation    0.983067602    0.982588478    0.989720093    0.982874052    0.984562556
156-T-G    Synonymous_mutation    0.982330852    0.979301778    0.984831325    0.980555832    0.981754947
157-T-A    Nonsynonymous_mutation    0.940264853    0.961584403    0.957805868    0.963194409    0.955712383
157-T-C    Nonsynonymous_mutation    0.993581319    0.98943466    0.993151939    0.996308131    0.993119012
157-T-G    Nonsynonymous_mutation    0.932889629    0.932604049    0.937003969    0.937179845    0.934919373
158-T-A    Nonsynonymous_mutation    0.979686258    0.975281669    0.983646802    0.981760407    0.980093784
158-T-C    Nonsynonymous_mutation    0.947859047    0.952334106    0.948050788    0.949384097    0.94940701
158-T-G    Nonsynonymous_mutation    0.94301979    0.948003608    0.949576966    0.938037977    0.944659585
159-T-A    Nonsynonymous_mutation    0.969850698    0.967716688    0.97368915    0.967923236    0.969794943
159-T-C    Synonymous_mutation    0.981352796    0.982001777    0.985472748    0.981847365    0.982668672
159-T-G    Nonsynonymous_mutation    0.972746148    0.961128049    0.973564086    0.968056658    0.968873735
160-A-C    Synonymous_mutation    0.979546678    0.975995331    0.986657781    0.975835505    0.979508824
160-A-G    Nonsynonymous_mutation    0.980510927    0.982413348    0.98997152    0.982055521    0.983737829
160-A-T    Nonsynonymous_mutation    0.979417282    0.972924493    0.986614207    0.973808981    0.978191241
161-G-A    Nonsynonymous_mutation    0.972894064    0.975108402    0.982209591    0.976637502    0.97671239
161-G-C    Nonsynonymous_mutation    0.981362083    0.987232688    0.985151191    0.98604524    0.984947801
161-G-T    Nonsynonymous_mutation    0.97607891    0.977697568    0.980602052    0.975730832    0.977527341
162-G-A    Synonymous_mutation    0.978738421    0.979258334    0.985121612    0.979841021    0.980739847
162-G-C    Nonsynonymous_mutation    0.974451591    0.969771137    0.978071978    0.974081884    0.974094148
162-G-T    Nonsynonymous_mutation    0.975369262    0.974036104    0.977971369    0.977112065    0.9761222
163-T-A    Nonsynonymous_mutation    0.978295796    0.977536837    0.987116917    0.982957125    0.981476669
163-T-C    Synonymous_mutation    0.991227773    0.990043648    0.993581319    0.985752866    0.990151402
163-T-G    Nonsynonymous_mutation    0.979455288    0.982166757    0.992517477    0.980028665    0.983542047
164-T-C    Nonsynonymous_mutation    0.980714005    0.983186105    0.98738928    0.983473861    0.983690813
165-A-C    Nonsynonymous_mutation    0.956660168    0.953308574    0.960904213    0.953658512    0.956132867
165-A-G    Synonymous_mutation    0.956242706    0.963855815    0.967347929    0.963516696    0.962740787
165-A-T    Nonsynonymous_mutation    0.947142294    0.943690754    0.947869547    0.948699979    0.946850644
166-T-A    Nonsynonymous_mutation    0.98227383    0.978734456    0.985999264    0.980103987    0.981777884
166-T-C    Synonymous_mutation    0.977106987    0.97657421    0.983569679    0.976552841    0.978450929
166-T-G    Nonsynonymous_mutation    0.974384339    0.975042408    0.983027474    0.977194395    0.977412154
167-T-C    Nonsynonymous_mutation    0.984969075    0.994673388    0.999516884    0.99561203    0.993692844
167-T-G    Nonsynonymous_mutation    0.98156541    0.981698632    0.988898806    0.982846411    0.983752315
168-G-A    Synonymous_mutation    0.982655911    0.982333237    0.988745897    0.982820652    0.984138924
168-G-C    Nonsynonymous_mutation    0.985946719    0.982093973    0.98953753    0.983885748    0.985365993
168-G-T    Nonsynonymous_mutation    0.975329033    0.977577008    0.981293576    0.975527372    0.977431747
169-T-A    Nonsynonymous_mutation    0.984546569    0.974810791    0.975989339    0.961019778    0.974091619
169-T-C    Synonymous_mutation    0.980074556    0.979096729    0.986794635    0.979205397    0.981292829
169-T-G    Nonsynonymous_mutation    0.979006465    0.978462279    0.984378867    0.980033639    0.980470313
170-T-C    Nonsynonymous_mutation    0.964923748    0.968296905    0.97366011    0.973702097    0.970145715
170-T-G    Nonsynonymous_mutation    0.984975398    0.98461663    0.979956889    0.975688202    0.98130928
171-G-A    Synonymous_mutation    0.979597566    0.980205231    0.987610018    0.982580639    0.982498364
171-G-C    Nonsynonymous_mutation    0.98079689    0.982571163    0.986196145    0.986530829    0.984023757
171-G-T    Nonsynonymous_mutation    0.986583165    0.986894159    0.986352943    0.984555687    0.986096489
172-G-A    Nonsynonymous_mutation    0.975748323    0.982684828    0.984348041    0.975884035    0.979666307
172-G-C    Nonsynonymous_mutation    0.98351881    0.98144415    0.988132706    0.983274858    0.984092631
173-A-C    Nonsynonymous_mutation    0.980974653    0.979337929    0.986815892    0.982554685    0.98242079
173-A-G    Nonsynonymous_mutation    0.968645551    0.974401021    0.977780471    0.970917832    0.972936219
173-A-T    Nonsynonymous_mutation    0.981812388    0.976250403    0.986554815    0.982311078    0.981732171
174-G-A    Synonymous_mutation    0.982394245    0.980224298    0.986860516    0.975337637    0.981204174
174-G-C    Nonsynonymous_mutation    0.976120251    0.976723959    0.978970845    0.977622332    0.977359347
174-G-T    Nonsynonymous_mutation    0.979427713    0.977822172    0.980445529    0.982683366    0.980094695
175-T-A    Nonsynonymous_mutation    0.973602761    0.973190749    0.979551413    0.984311766    0.977664172
175-T-C    Nonsynonymous_mutation    0.977875502    0.969782456    0.971879989    0.965365015    0.971225741
175-T-G    Nonsynonymous_mutation    0.973190528    0.969724437    0.974829735    0.972316602    0.972515326
176-T-A    Nonsynonymous_mutation    0.979969288    0.980600739    0.987197091    0.978839108    0.981651557
176-T-C    Nonsynonymous_mutation    0.910866632    0.932069465    0.952580116    0.916491215    0.928001857
176-T-G    Nonsynonymous_mutation    0.978711724    0.974808396    0.985413895    0.979020891    0.979488727
177-T-A    Nonsynonymous_mutation    0.968930606    0.966777803    0.974875397    0.976708686    0.971823123
177-T-C    Synonymous_mutation    0.975394902    0.968928854    0.977652472    0.979080278    0.975264127
177-T-G    Nonsynonymous_mutation    0.972472306    0.979070366    0.986555974    0.975723079    0.978455431
178-G-A    Nonsynonymous_mutation    0.980664775    0.982049452    0.980834198    0.982590057    0.981534621
178-G-C    Nonsynonymous_mutation    0.974016363    0.973318852    0.981861357    0.974111004    0.975826894
178-G-T    Nonsynonymous_mutation    0.980315931    0.976951723    0.982406377    0.981634953    0.980327246
179-A-C    Nonsynonymous_mutation    0.975192112    0.976633224    0.984845394    0.979461392    0.979033031
179-A-G    Nonsynonymous_mutation    0.984868389    0.986953978    0.989627452    0.975777453    0.984306818
179-A-T    Nonsynonymous_mutation    0.974092097    0.974682774    0.981842584    0.978421019    0.977259619
180-T-A    Nonsynonymous_mutation    0.977317199    0.968429911    0.984727484    0.980117664    0.977648065
180-T-C    Synonymous_mutation    0.978065883    0.976510735    0.981970398    0.974592725    0.977784935
180-T-G    Nonsynonymous_mutation    0.975673706    0.979216202    0.986310968    0.973440696    0.978660393
181-G-A    Nonsynonymous_mutation    0.974541437    0.972656856    0.983974434    0.979378555    0.977637821
181-G-C    Nonsynonymous_mutation    0.969878802    0.971068395    0.979885514    0.973699988    0.973633175
182-A-C    Nonsynonymous_mutation    0.978959338    0.967405099    0.980930045    0.973971363    0.975316461
182-A-G    Nonsynonymous_mutation    0.963003799    0.970136116    0.973392083    0.966098255    0.968157563
182-A-T    Nonsynonymous_mutation    0.965706936    0.963275609    0.970805921    0.970484367    0.967568208
183-A-C    Nonsynonymous_mutation    0.962135118    0.958792771    0.970505105    0.964121771    0.963888691
183-A-G    Synonymous_mutation    0.980050315    0.980098902    0.987986062    0.983186327    0.982830402
183-A-T    Nonsynonymous_mutation    0.958487155    0.95887892    0.969294515    0.96120801    0.96196715
184-G-A    Nonsynonymous_mutation    0.966813131    0.970936028    0.982166301    0.972581081    0.973124135
184-G-C    Nonsynonymous_mutation    0.984779708    0.979638995    0.987986159    0.980688893    0.983273439
185-A-C    Nonsynonymous_mutation    0.982753984    0.979600206    0.989939405    0.978992034    0.982821407
185-A-G    Nonsynonymous_mutation    0.978682169    0.979400858    0.988345551    0.979366193    0.981448693
185-A-T    Nonsynonymous_mutation    0.973482509    0.975372659    0.984138191    0.973731319    0.97668117
186-A-C    Nonsynonymous_mutation    0.977710923    0.977826888    0.985522788    0.980357601    0.98035455
186-A-G    Synonymous_mutation    0.975053812    0.976358718    0.984286684    0.97901627    0.978678871
186-A-T    Nonsynonymous_mutation    0.982597387    0.981584564    0.987544691    0.980878099    0.983151185
187-T-C    Nonsynonymous_mutation    0.976628209    0.978039373    0.982688033    0.97907286    0.979107119
188-A-C    Nonsynonymous_mutation    0.906207352    0.90540055    0.879934107    0.91926589    0.902701975
188-A-G    Nonsynonymous_mutation    0.956991684    0.958353181    0.96756424    0.961621971    0.961132769
188-A-T    Nonsynonymous_mutation    0.975880483    0.978315678    0.986435024    0.978626016    0.9798143
189-T-C    Synonymous_mutation    0.979859496    0.980141254    0.985852958    0.983500574    0.982338571
190-C-A    Nonsynonymous_mutation    0.951436407    0.951230922    0.95849145    0.956658618    0.954454349
190-C-G    Nonsynonymous_mutation    0.984302155    0.979959381    0.985772753    0.982557563    0.983147963
190-C-T    Nonsynonymous_mutation    0.953536037    0.954160225    0.960416874    0.956642159    0.956188824
191-C-A    Nonsynonymous_mutation    0.937924905    0.939289307    0.946393416    0.945975534    0.942395791
191-C-T    Nonsynonymous_mutation    0.846443587    0.873296783    0.890630258    0.878328677    0.872174826
192-C-A    Synonymous_mutation    0.982543959    0.977740793    0.984810528    0.98104956    0.98153621
192-C-G    Synonymous_mutation    0.973288103    0.974358943    0.985097364    0.978239401    0.977745953
192-C-T    Synonymous_mutation    0.979477172    0.979491404    0.989268342    0.979092181    0.981832275
193-A-C    Nonsynonymous_mutation    0.957750363    0.940024294    0.965368346    0.948840402    0.952995851
193-A-G    Nonsynonymous_mutation    0.953260264    0.955138905    0.957678339    0.955901732    0.95549481
193-A-T    Nonsynonymous_mutation    0.94107981    0.942481305    0.949847338    0.952336948    0.94643635
194-A-C    Nonsynonymous_mutation    0.979734924    0.981131068    0.986163968    0.981082304    0.982028066
194-A-G    Nonsynonymous_mutation    0.984609178    0.984196899    0.991168367    0.98470806    0.986170626
194-A-T    Nonsynonymous_mutation    0.97327294    0.968649842    0.99183117    0.980375325    0.978532319
195-T-A    Nonsynonymous_mutation    0.969082728    0.973544806    0.980366374    0.976497785    0.974872923
195-T-C    Synonymous_mutation    0.975847336    0.971949813    0.976253783    0.97454094    0.974647968
195-T-G    Nonsynonymous_mutation    0.964765385    0.96430745    0.973847384    0.969370729    0.968072737
196-A-C    Nonsynonymous_mutation    0.978245019    0.989028849    0.981948927    0.993934616    0.985789353
196-A-G    Nonsynonymous_mutation    0.961879605    0.964363692    0.96517715    0.971770223    0.965797668
197-A-C    Nonsynonymous_mutation    0.968126593    0.965341692    0.9715059    0.968899133    0.96846833
197-A-G    Nonsynonymous_mutation    0.971966177    0.975992812    0.980759898    0.974477275    0.975799041
197-A-T    Nonsynonymous_mutation    0.96530501    0.973551307    0.980738861    0.973486607    0.973270446
198-G-A    Synonymous_mutation    0.978294393    0.977404867    0.985034357    0.981828354    0.980640493
198-G-C    Nonsynonymous_mutation    0.976319413    0.971277779    0.980044919    0.975427721    0.975767458
198-G-T    Nonsynonymous_mutation    0.968333685    0.962893835    0.972536138    0.970747297    0.968627739
199-C-A    Nonsynonymous_mutation    0.966893061    0.965824451    0.974038121    0.965668531    0.968106041
199-C-G    Nonsynonymous_mutation    0.977032515    0.975573094    0.983985382    0.977752643    0.978585909
199-C-T    Nonsynonymous_mutation    0.958156653    0.963884319    0.971924335    0.965545236    0.964877636
200-C-A    Nonsynonymous_mutation    0.969062035    0.96346443    0.972421488    0.965296482    0.967561109
200-C-G    Nonsynonymous_mutation    0.957926605    0.95435493    0.967911206    0.950555736    0.957687119
201-A-C    Synonymous_mutation    0.964909313    0.951953645    0.96498863    0.955063775    0.959228841
201-A-G    Synonymous_mutation    0.978816319    0.976604465    0.98491861    0.979144729    0.979871031
201-A-T    Synonymous_mutation    0.971202993    0.970063427    0.977057687    0.971896769    0.972555219
202-C-A    Nonsynonymous_mutation    0.955831196    0.956615427    0.965361499    0.960639125    0.959611812
202-C-G    Nonsynonymous_mutation    0.973607939    0.967948141    0.976555789    0.970900966    0.972253209
202-C-T    Nonsynonymous_mutation    0.950849293    0.950443868    0.956292999    0.951248955    0.952208779
203-C-A    Nonsynonymous_mutation    0.937115727    0.93113617    0.945852515    0.931922552    0.936506741
203-C-T    Nonsynonymous_mutation    0.966948603    0.966213003    0.975703654    0.969608845    0.969618526
204-G-A    Synonymous_mutation    0.976174687    0.970155371    0.982949423    0.971753766    0.975258312
204-G-C    Synonymous_mutation    0.973645691    0.973310101    0.972073269    0.968666495    0.971923889
204-G-T    Synonymous_mutation    0.973864543    0.975593763    0.982705347    0.976338093    0.977125437
205-C-A    Nonsynonymous_mutation    0.972448716    0.981029168    0.985225344    0.986607719    0.981327737
205-C-G    Nonsynonymous_mutation    0.982319148    0.976621121    0.981518235    0.97654882    0.979251831
205-C-T    Nonsynonymous_mutation    0.983754698    0.974828115    0.975176223    0.992691942    0.981612745
206-A-C    Nonsynonymous_mutation    0.976273849    0.972482401    0.987968741    0.983761298    0.980121572
206-A-G    Nonsynonymous_mutation    0.976285938    0.970626571    0.982487736    0.97299945    0.975599924
206-A-T    Nonsynonymous_mutation    0.980871882    0.981530616    0.985833733    0.982907092    0.982785831
207-T-A    Nonsynonymous_mutation    0.985191743    0.979485922    0.989505019    0.98354269    0.984431344
207-T-C    Synonymous_mutation    0.980933592    0.975530615    0.986368088    0.979415615    0.980561978
207-T-G    Nonsynonymous_mutation    0.974000432    0.970878018    0.983642315    0.982680666    0.977800358
208-G-A    Nonsynonymous_mutation    0.980787156    0.976318063    0.985882031    0.976969075    0.979989081
208-G-C    Nonsynonymous_mutation    0.976224844    0.977513573    0.9806283    0.979409812    0.978444132
208-G-T    Nonsynonymous_mutation    0.979241897    0.973319955    0.990892336    0.982797733    0.98156298
209-T-A    Nonsynonymous_mutation    0.877020267    0.859110334    0.869579866    0.8914883    0.874299692
209-T-C    Nonsynonymous_mutation    0.983269992    0.984514715    0.986575362    0.988109866    0.985617484
209-T-G    Nonsynonymous_mutation    0.980929513    0.97566539    0.98398988    0.978926987    0.979877943
210-C-A    Synonymous_mutation    0.977946525    0.973383717    0.980873717    0.974337456    0.976635354
210-C-G    Synonymous_mutation    0.972483756    0.979185207    0.980756928    0.983125349    0.97888781
210-C-T    Synonymous_mutation    0.962804951    0.967052547    0.967300026    0.965939839    0.965774341
211-A-C    Nonsynonymous_mutation    0.979105139    0.978591459    0.98378038    0.977476527    0.979738376
211-A-G    Nonsynonymous_mutation    0.982411195    0.980299682    0.987311465    0.983422743    0.983361271
212-A-C    Nonsynonymous_mutation    0.97738989    0.977655653    0.984411647    0.980057528    0.97987868
212-A-G    Nonsynonymous_mutation    0.969873199    0.9756724    0.986292855    0.987602537    0.979860248
212-A-T    Nonsynonymous_mutation    0.978032052    0.975283545    0.980400242    0.975351234    0.977266768
213-A-C    Nonsynonymous_mutation    0.970178078    0.967905447    0.976439482    0.963407579    0.969482647
213-A-G    Synonymous_mutation    0.97616317    0.973646492    0.979894528    0.978066203    0.976942598
213-A-T    Nonsynonymous_mutation    0.971893475    0.977431798    0.987026372    0.974148789    0.977625109
214-T-A    Nonsynonymous_mutation    0.977289261    0.974934198    0.980704129    0.979101401    0.978007247
214-T-C    Nonsynonymous_mutation    0.974909622    0.977837223    0.977081389    0.974521768    0.976087501
214-T-G    Nonsynonymous_mutation    0.98135963    0.979642553    0.979772037    0.975262969    0.979009297
215-T-A    Nonsynonymous_mutation    0.985188235    0.98476646    0.992919615    0.991651577    0.988631472
215-T-C    Nonsynonymous_mutation    0.968714978    0.966572043    0.975391785    0.973026896    0.970926426
215-T-G    Nonsynonymous_mutation    0.984095919    0.981782224    0.990106566    0.98447765    0.98511559
216-T-A    Nonsynonymous_mutation    0.977363974    0.97770684    0.983936957    0.973574598    0.978145592
216-T-C    Synonymous_mutation    0.984925628    0.982328238    0.991301483    0.982668966    0.985306079
216-T-G    Nonsynonymous_mutation    0.97781655    0.981946745    0.987368415    0.983585194    0.982679226
217-T-A    Nonsynonymous_mutation    0.979295088    0.979708181    0.980865545    0.984800046    0.981167215
217-T-C    Synonymous_mutation    0.975856019    0.974967243    0.987820101    0.980357781    0.979750286
217-T-G    Nonsynonymous_mutation    0.978606562    0.978354136    0.984389637    0.983907153    0.981314372
218-T-C    Nonsynonymous_mutation    0.97196159    0.96596758    0.97548843    0.974469593    0.971971798
218-T-G    Nonsynonymous_mutation    0.939154998    0.934475    0.939114781    0.934636521    0.936845325
219-G-A    Synonymous_mutation    0.972844977    0.986389756    0.991214752    0.981936636    0.98309653
219-G-C    Nonsynonymous_mutation    0.955158223    0.967551129    0.974576559    0.964769715    0.965513907
219-G-T    Nonsynonymous_mutation    0.968424154    0.965858671    0.969519702    0.967286377    0.967772226
70-G-A    Nonsynonymous_mutation    0.973044094    0.973678236    0.983784577    0.972771181    0.975819522
70-G-C    Nonsynonymous_mutation    0.970163345    0.981811408    0.980977841    0.972059472    0.976253017
70-G-T    Nonsynonymous_mutation    0.984642276    0.977849686    0.988224158    0.981567268    0.983070847
71-T-A    Nonsynonymous_mutation    0.969212919    0.967482977    0.981866078    0.972536363    0.972774584
71-T-C    Nonsynonymous_mutation    0.966770342    0.969409102    0.980121839    0.969825824    0.971531777
71-T-G    Nonsynonymous_mutation    0.969881319    0.968304213    0.974064543    0.972307822    0.971139474
72-A-C    Synonymous_mutation    0.979597074    0.980323391    0.985611844    0.978313576    0.980961471
72-A-G    Synonymous_mutation    0.97090735    0.969891222    0.989835543    0.981737305    0.978092855
72-A-T    Synonymous_mutation    0.981670686    0.981011124    0.984879168    0.981312236    0.982218304
73-T-A    Nonsynonymous_mutation    0.978701896    0.977573039    0.983108185    0.977977223    0.979340086
73-T-C    Nonsynonymous_mutation    0.967516983    0.947304547    0.96608684    0.959459061    0.960091858
73-T-G    Nonsynonymous_mutation    0.974956652    0.978649056    0.983913561    0.9788177    0.979084242
74-C-A    Nonsynonymous_mutation    0.976006631    0.977822624    0.977571607    0.982915026    0.978578972
74-C-G    Nonsynonymous_mutation    0.979710079    0.977575642    0.987389526    0.976205088    0.980220084
74-C-T    Nonsynonymous_mutation    0.971164288    0.972666073    0.976239519    0.970603362    0.972668311
75-T-A    Synonymous_mutation    0.977102173    0.980442052    0.98309985    0.972739121    0.978345799
75-T-C    Synonymous_mutation    0.986628285    0.987051961    0.989096035    0.983383625    0.986539977
75-T-G    Synonymous_mutation    0.976947218    0.974139742    0.981734416    0.977600945    0.97760558
76-G-A    Nonsynonymous_mutation    0.976897094    0.975264985    0.974059361    0.964035815    0.972564314
76-G-C    Nonsynonymous_mutation    0.898264226    0.855438298    0.890280259    0.88087367    0.881214113
76-G-T    Nonsynonymous_mutation    0.98615597    0.97431617    1.00230314    0.986874746    0.987412507
77-C-G    Nonsynonymous_mutation    0.976570459    0.973296271    0.976781921    0.973623978    0.975068157
77-C-T    Nonsynonymous_mutation    0.967639768    0.974758907    0.986831739    0.978388166    0.976904645
78-T-A    Synonymous_mutation    0.977643186    0.975238415    0.983813287    0.978411426    0.978776579
78-T-C    Synonymous_mutation    0.979658006    0.983508265    0.972450902    0.989115014    0.981183047
78-T-G    Synonymous_mutation    0.978429656    0.977119384    0.983876291    0.981539565    0.980241224
79-T-G    Nonsynonymous_mutation    0.985270461    0.982107525    0.987300271    0.979426417    0.983526169
80-C-T    Nonsynonymous_mutation    0.93272352    0.92420009    0.944289795    0.937012924    0.934556582
81-A-C    Synonymous_mutation    0.973826811    0.974346024    0.979877534    0.97544066    0.975872757
81-A-G    Synonymous_mutation    0.979940291    0.975493611    0.983689071    0.980701451    0.979956106
81-A-T    Synonymous_mutation    0.975657965    0.973686676    0.976121336    0.974736536    0.975050628
82-C-A    Nonsynonymous_mutation    0.918961568    0.91829523    0.933605684    0.92341824    0.923570181
82-C-G    Nonsynonymous_mutation    0.965433782    0.960272016    0.968947709    0.966224917    0.965219606
82-C-T    Nonsynonymous_mutation    0.953128941    0.950032963    0.956383149    0.952679284    0.953056084
83-C-A    Nonsynonymous_mutation    0.899417509    0.893455045    0.866108518    0.897476809    0.88911447
83-C-G    Nonsynonymous_mutation    0.854413    0.862616582    0.845972575    0.835692538    0.849673674
83-C-T    Nonsynonymous_mutation    0.907908433    0.913879611    0.907901625    0.912807033    0.910624176
84-A-C    Synonymous_mutation    0.980086852    0.98208322    0.984970287    0.984297643    0.982859501
84-A-G    Synonymous_mutation    0.979120021    0.978087756    0.98281533    0.978960214    0.97974583
84-A-T    Synonymous_mutation    0.978788361    0.978464309    0.988961064    0.978549845    0.981190895
85-T-A    Nonsynonymous_mutation    0.983643848    0.982793137    0.97523417    0.978533704    0.980051215
85-T-C    Synonymous_mutation    0.97958952    0.977740275    0.983037552    0.977445125    0.979453118
85-T-G    Nonsynonymous_mutation    0.9778307    0.986344937    0.981324748    0.979345662    0.981211512
86-T-C    Nonsynonymous_mutation    0.979826503    0.979372437    0.985619966    0.985611223    0.982607532
87-A-C    Nonsynonymous_mutation    0.97617848    0.977877115    0.985565867    0.979944791    0.979891563
87-A-G    Synonymous_mutation    0.981249841    0.979647398    0.984204224    0.980288605    0.981347517
87-A-T    Nonsynonymous_mutation    0.979509326    0.981676531    0.983859925    0.981173659    0.98155486
88-C-A    Nonsynonymous_mutation    0.982908154    0.979535237    0.989147652    0.985148727    0.984184943
88-C-G    Nonsynonymous_mutation    0.982819308    0.980415424    0.990098411    0.978453968    0.982946778
88-C-T    Nonsynonymous_mutation    0.975040098    0.977735676    0.986900943    0.980922181    0.980149725
89-C-A    Nonsynonymous_mutation    0.977644939    0.977709108    0.980087155    0.974938269    0.977594868
89-C-G    Nonsynonymous_mutation    0.979397214    0.977578635    0.98394336    0.980480219    0.980349857
89-C-T    Nonsynonymous_mutation    0.972459646    0.9713021    0.975336458    0.976465555    0.97389094
90-T-A    Synonymous_mutation    0.984788289    0.981301064    0.983529627    0.98791445    0.984383358
90-T-C    Synonymous_mutation    0.978739743    0.980560552    0.985996244    0.983847687    0.982286057
90-T-G    Synonymous_mutation    0.988941485    0.981653837    0.98271608    0.979443631    0.983188758
91-G-A    Nonsynonymous_mutation    0.978148237    0.976434507    0.986355679    0.982178341    0.980779191
91-G-C    Nonsynonymous_mutation    0.977817455    0.979438573    0.985108178    0.981094604    0.980864703
91-G-T    Nonsynonymous_mutation    0.976212261    0.982178455    0.981742157    0.980441753    0.980143657
92-A-C    Nonsynonymous_mutation    0.973645181    0.970017605    0.984731569    0.977510118    0.976476118
92-A-G    Nonsynonymous_mutation    0.979538005    0.975054721    0.983653914    0.973665644    0.977978071
92-A-T    Nonsynonymous_mutation    0.977596979    0.974843461    0.983880368    0.978372904    0.978673428
93-T-A    Nonsynonymous_mutation    0.974858166    0.978962278    0.981554958    0.97853535    0.978477688
93-T-C    Synonymous_mutation    0.976995749    0.984898446    0.990424723    0.986980963    0.98482497
93-T-G    Nonsynonymous_mutation    0.979794823    0.979424504    0.98781038    0.981495438    0.982131286
94-A-C    Nonsynonymous_mutation    0.982305053    0.980818782    0.990268088    0.981108665    0.983625147
94-A-G    Nonsynonymous_mutation    0.971150437    0.967947025    0.966722075    0.966263249    0.968020697
94-A-T    Nonsynonymous_mutation    0.960481877    0.946369053    0.968761046    0.960599296    0.959052818
95-A-C    Nonsynonymous_mutation    0.974184811    0.970583637    0.980074072    0.974499599    0.97483553
95-A-G    Nonsynonymous_mutation    0.978881195    0.98138946    0.979146222    0.978515402    0.97948307
95-A-T    Nonsynonymous_mutation    0.974795572    0.975342702    0.9838708    0.981350927    0.97884
96-C-A    Nonsynonymous_mutation    0.98003006    0.977677006    0.989907994    0.982610576    0.982556409
96-C-G    Nonsynonymous_mutation    0.96637161    0.968396114    0.973509357    0.974912993    0.970797519
96-C-T    Synonymous_mutation    0.974431443    0.974876522    0.982856988    0.976606071    0.977192756
97-G-A    Nonsynonymous_mutation    0.972291618    0.970736606    0.975912507    0.972286998    0.972806932
97-G-C    Nonsynonymous_mutation    0.967393411    0.989859496    0.987193876    0.964315653    0.977190609
97-G-T    Nonsynonymous_mutation    0.964972631    0.951635544    0.962820296    0.954450214    0.958469671
98-T-C    Nonsynonymous_mutation    0.955742883    0.957021309    0.959251667    0.95484795    0.956715952
98-T-G    Nonsynonymous_mutation    0.856752201    0.881831852    0.898207703    0.873502679    0.877573609
99-C-A    Synonymous_mutation    0.976018405    0.974428879    0.976825895    0.97114261    0.974603947
99-C-G    Synonymous_mutation    0.978545794    0.980514158    0.984444878    0.978084036    0.980397217
99-C-T    Synonymous_mutation    0.96703686    0.968669774    0.974217286    0.971585756    0.970377419
